1.04354644E11
0.0
0.0
5.8317852E11
9.1461526E10
0.0
1102715.0
2.97479832E11
2.2676444E11
0.0
934854.0
0.0
4.7753744E10
135411.0
867160.0
665589.0
636698.0
2.09211474E11
616049.0
731921.0
0.0
534443.0
1307405.0
0.0
1.26885507E15
5.28817226E11
756048.0
1445136.0
202339.0
473355.0
266660.0
570508.0
477550.0
0.0
117577.0
0.0
7.7959699E11
382932.0
1403740.0
401042.0
267894.0
2.89354035E10
320498.0
2464464.0
0.0
3.88587061E11
5.0522765E16
0.0
0.0
247250.0
0.0
1.06143007E11
26072.0
69611.0
6.3544874E16
1911863.0
48790.0
1348179.0
252954.0
1.89366862E11
356056.0
0.0
0.0
3.08201423E11
469115.0
0.0
0.0
967755.0
897371.0
159769.0
910442.0
1403496.0
6.8241138E16
146645.0
521639.0
0.0
0.0
231211.0
89109.0
5.7289231E9
130094.0
5.5676443E11
2.02415212E17
4.93464814E11
3.8699164E10
0.0
741394.0
790667.0
1.79764224E17
81784.0
0.0
0.0
0.0
701897.0
0.0
1.97086024E10
9.8584162E16
0.0
1485765.0
2.08241129E17
2.94452363E11
228373.0
3.74468647E17
0.0
0.0
1.4788241E11
44305.0
113538.0
2161190.0
1646694.0
414077.0
0.0
617327.0
295346.0
611326.0
6.5104974E10
0.0
463202.0
1525371.0
824389.0
272420.0
0.0
0.0
5.27105496E17
3.46366673E11
0.0
0.0
775562.0
0.0
472143.0
891808.0
7888.0
177274.0
5.47539223E11
640797.0
0.0
1.45196564E11
9.413107E15
0.0
586590.0
0.0
1.39820728E11
678905.0
6.7405722E10
3.7540962E10
786062.0
6.9387551E10
739691.0
3.5341734E10
460384.0
0.0
388059.0
3.45762628E11
0.0
945635.0
4.5333545E11
437896.0
117176.0
2.14136572E17
0.0
1275696.0
0.0
4.80308888E11
593235.0
2.77662302E11
0.0
8.2761294E10
857802.0
345110.0
643930.0
5.6209906E11
155848.0
451326.0
0.0
1806355.0
719519.0
5.14634449E11
0.0
4.9987867E10
0.0
814668.0
0.0
6.7865765E11
516110.0
7.0608028E10
0.0
206343.0
1987642.0
663351.0
0.0
3.81404881E17
5.28678978E11
592292.0
2.0372036E11
0.0
644580.0
821091.0
5.02813983E11
0.0
333116.0
0.0
513268.0
364098.0
1.65219828E11
273814.0
5.9888763E17
0.0
1.29157472E11
870843.0
164408.0
929197.0
1610907.0
0.0
2.88849232E11
842403.0
0.0
1.96098621E11
5.48276994E11
0.0
650414.0
779055.0
1847544.0
0.0
980119.0
1131690.0
5.3185253E10
0.0
759192.0
979728.0
498402.0
1650548.0
278262.0
411250.0
377652.0
0.0
725182.0
1.66243375E17
534804.0
2608936.0
915889.0
1.77360503E17
7.302491E11
0.0
1.53309397E11
1.46657371E16
680706.0
515285.0
0.0
2.2508929E11
1388444.0
6.734778E10
697372.0
0.0
168882.0
0.0
1185250.0
1218174.0
994923.0
8.5831148E10
1461340.0
2.89816379E11
684047.0
0.0
1.25443604E10
578194.0
1551826.0
0.0
505896.0
4.33635295E11
1.19968268E11
1232452.0
0.0
857466.0
5.9129496E11
0.0
761573.0
831365.0
0.0
0.0
3.08313883E11
5.07816542E11
0.0
703160.0
3.9069847E9
0.0
2.59070591E11
6.7657009E16
523985.0
7.8811857E10
8.0680048E15
0.0
988458.0
0.0
596306.0
0.0
0.0
1408340.0
3.76528241E11
1.61693222E9
636829.0
869130.0
608849.0
1088812.0
1494569.0
0.0
0.0
246556.0
478570.0
598041.0
0.0
529484.0
804467.0
1734363.0
1.03496196E11
386421.0
0.0
8.85742E16
4.59304215E17
9.4062379E10
0.0
0.0
0.0
0.0
5.779259E10
5.42432139E17
3.33955686E9
625831.0
339669.0
887613.0
5.1650944E15
5.9006756E9
1.98350889E10
921257.0
216617.0
446585.0
1368909.0
0.0
0.0
972923.0
0.0
0.0
117565.0
3.39341824E10
8.9527394E10
0.0
8.5580841E10
840877.0
1060572.0
3.86318336E11
856794.0
1.41530776E11
5.756835E16
0.0
5.00954071E11
1294355.0
5.28713187E11
4.85424398E11
1131219.0
0.0
6.1556864E11
558421.0
0.0
0.0
0.0
0.0
225916.0
0.0
3.15423841E17
2.18246988E11
706.0
1739755.0
536575.0
119744.0
9.2232944E7
864564.0
823856.0
737890.0
0.0
91724.0
1489121.0
6.8460294E10
1.60696678E10
443319.0
0.0
997960.0
0.0
1253875.0
1.00350966E10
242321.0
0.0
2.01148203E11
0.0
125251.0
0.0
4.33325441E11
143135.0
1164275.0
220607.0
645603.0
994160.0
321827.0
689812.0
1.8313719E11
1023816.0
0.0
1664029.0
0.0
545035.0
2.32338162E11
3.74331933E11
5.9686773E10
478869.0
0.0
675155.0
783365.0
966924.0
888062.0
296688.0
573458.0
491898.0
0.0
1289140.0
615454.0
461283.0
495723.0
1409840.0
1.81206401E11
237579.0
134958.0
1552096.0
0.0
802680.0
4.4732776E10
314878.0
0.0
0.0
1944405.0
5.5250852E11
0.0
0.0
0.0
355660.0
4.354782E11
523614.0
0.0
2.3528183E17
1917226.0
1.59985975E16
192396.0
5.7219632E11
208074.0
185450.0
1.1211459E11
1538781.0
4.26671342E11
739351.0
0.0
0.0
68471.0
0.0
1.48982912E9
766038.0
8.0521583E16
1.545335E15
2670494.0
1106758.0
668429.0
4.00769057E11
454942.0
2.93533594E10
6.0299411E11
1.14915353E11
0.0
0.0
0.0
2.54628807E11
0.0
1.34455953E17
907603.0
546892.0
6.9718286E10
0.0
5.5328539E11
767751.0
0.0
0.0
687397.0
1.16683416E11
631269.0
3.75154868E11
0.0
0.0
4.26013688E11
0.0
171957.0
1.65040269E17
636462.0
684657.0
6.5269754E15
2.99741473E17
3.34040531E11
551017.0
0.0
450489.0
9.1270029E10
2.79842259E11
4.31023686E11
4.4985523E9
684914.0
7.4165079E11
0.0
1624359.0
676780.0
0.0
339139.0
2.94168704E9
0.0
2.48757404E11
739292.0
5.0329612E10
592207.0
1445170.0
0.0
1342642.0
9.2667658E10
650397.0
46938.0
1.99285604E11
925011.0
1020560.0
2.93824245E17
169099.0
648403.0
2092698.0
416577.0
0.0
0.0
3.9253015E9
778860.0
1.47253592E11
8.5087176E16
379564.0
277120.0
2.86988856E16
0.0
477427.0
679509.0
233149.0
0.0
418817.0
422056.0
8.7112437E11
983332.0
6.213555E10
580668.0
7303.0
752764.0
2.11447133E17
127459.0
1135605.0
1510233.0
262942.0
0.0
0.0
426754.0
896994.0
5.1456165E16
0.0
0.0
427482.0
0.0
1.05032172E11
4.8479494E10
1.41946536E11
1.46438843E16
0.0
742263.0
1503569.0
0.0
828573.0
994055.0
6.2191526E16
435497.0
0.0
1.08150825E11
0.0
0.0
1766058.0
659509.0
646298.0
0.0
470488.0
116119.0
183173.0
9.5398027E10
0.0
5.876557E10
877184.0
0.0
2.95616086E11
716338.0
360386.0
372568.0
4.93012484E11
114316.0
1624180.0
1144672.0
3.707322E10
1.92788987E17
217750.0
485537.0
4.25481208E11
4.6746025E16
0.0
476975.0
0.0
352158.0
0.0
44643.0
122656.0
0.0
253321.0
1639459.0
5.11942033E11
1.94545025E11
0.0
828062.0
0.0
0.0
562642.0
2.47747221E16
3.20179339E11
2.2208011E16
0.0
1568878.0
3.14896155E11
0.0
785560.0
1.48687585E10
565409.0
0.0
1.17470511E11
2.62402834E11
425724.0
391046.0
1974231.0
453976.0
225924.0
2330562.0
0.0
146013.0
0.0
1.66388098E17
0.0
2.74035406E17
5.15835986E11
6.432326E10
382337.0
384157.0
1.92889635E11
863878.0
663384.0
457218.0
4.0852492E13
485906.0
1051598.0
507351.0
0.0
0.0
0.0
1452871.0
1.34541672E11
825770.0
1062128.0
8.009302E10
0.0
1548840.0
171114.0
4.5182038E10
688149.0
7.6307202E11
132886.0
965979.0
271404.0
807695.0
90250.0
9.3800475E15
6.5123241E11
8.2148756E9
1314276.0
4.2216194E11
0.0
0.0
290445.0
1219722.0
899449.0
0.0
265512.0
1030038.0
8.1599754E9
408358.0
852888.0
462577.0
720810.0
910925.0
2.87878414E11
0.0
1.02489712E8
0.0
394506.0
1223650.0
63142.0
489954.0
0.0
313016.0
840998.0
6.7669544E11
759293.0
0.0
1734726.0
0.0
1082053.0
1.4261871E17
9.6114295E10
1.14986187E17
1051420.0
8.7645987E10
0.0
770957.0
5.851986E11
1.68828486E11
934300.0
840185.0
456897.0
4.34133598E11
168169.0
1.50107455E11
0.0
2409158.0
3.49579706E11
1.48710998E11
3.9853511E10
4.32464658E11
553243.0
816434.0
0.0
1.54967491E11
0.0
984374.0
418523.0
952658.0
371303.0
0.0
987802.0
0.0
0.0
1.6319837E11
0.0
255657.0
1021048.0
5.6667937E11
0.0
0.0
725919.0
1.71447108E11
8.8618601E16
1484384.0
312707.0
21655.0
6.2065844E10
0.0
0.0
234019.0
0.0
706346.0
0.0
4.46808501E14
910102.0
191249.0
879905.0
4.7141037E16
2.52715794E11
0.0
982727.0
3.99433302E11
0.0
837073.0
1.80071711E10
2.88053527E11
7.8511573E16
0.0
0.0
429707.0
1428023.0
60735.0
0.0
0.0
1725101.0
1.75709109E16
0.0
0.0
1.71307811E11
121054.0
2.13887681E11
0.0
4874.0
609571.0
0.0
424356.0
1476612.0
133913.0
8.5309432E16
3.57833277E11
0.0
1434792.0
4.15083037E11
1111280.0
0.0
2.90666021E11
937036.0
5.9864482E11
6.3666074E16
5.2970488E10
165341.0
0.0
1.28193117E17
761868.0
1.81868446E11
510764.0
4.64030794E11
885247.0
2.23414862E11
0.0
7.3244033E10
0.0
506545.0
225248.0
1.05933718E11
617061.0
0.0
2.29024399E10
49934.0
3.47527774E11
6.2588019E10
469370.0
0.0
1.25828555E11
0.0
6.8861447E11
1024199.0
1073844.0
0.0
844083.0
0.0
0.0
0.0
0.0
0.0
2.85764547E10
0.0
477360.0
1483646.0
0.0
0.0
0.0
0.0
1451312.0
866795.0
1707225.0
2.2513546E11
0.0
5.8064711E16
182068.0
0.0
0.0
629294.0
0.0
9.3787931E10
3.80210812E17
1849625.0
321601.0
97465.0
518518.0
1.52043223E10
28317.0
0.0
2.00787883E17
0.0
6.7382188E11
281741.0
451335.0
3.4861924E10
2.25830948E16
638879.0
0.0
601832.0
1.94035712E11
512654.0
2.75350794E10
663750.0
0.0
7.8175011E10
814341.0
451595.0
702268.0
3.58760955E17
688217.0
452978.0
850075.0
0.0
0.0
5.9014264E11
2.08178725E11
450874.0
18817.0
990052.0
1139716.0
0.0
0.0
1797741.0
6.7338882E11
827131.0
71264.0
176792.0
2.43504431E11
0.0
0.0
0.0
0.0
0.0
1619973.0
389573.0
0.0
704400.0
6.1447918E10
1348093.0
8.5188555E16
2.8930307E16
325859.0
1722613.0
410880.0
1276830.0
1289217.0
4.58314449E11
1627744.0
311823.0
669172.0
799184.0
0.0
5.38052231E11
0.0
0.0
894928.0
483685.0
978074.0
985636.0
999645.0
2.3099023E17
600452.0
1537054.0
1621429.0
587911.0
444280.0
700925.0
691433.0
3.51437652E11
0.0
0.0
0.0
2498566.0
0.0
0.0
8.81328E11
524072.0
156142.0
1300447.0
0.0
0.0
8.208993E15
459943.0
1441146.0
7.1921885E10
1.33356209E17
385714.0
1.51498555E11
0.0
0.0
935921.0
866890.0
987385.0
757902.0
3.02927651E17
44529.0
926928.0
630939.0
0.0
365876.0
2.64881456E16
4.9059711E16
1.31368335E17
946175.0
1.44871686E17
0.0
2.91271934E11
0.0
133500.0
3.8431015E10
723229.0
1217589.0
39887.0
584421.0
3.47714159E11
3.8346744E10
4.6847541E10
508483.0
32945.0
0.0
849589.0
383723.0
0.0
3.7926257E10
0.0
410339.0
1464817.0
1557442.0
0.0
356659.0
943292.0
257632.0
1463785.0
399318.0
4.0303041E16
9.7280197E10
6.3577543E10
2.78394733E11
0.0
662624.0
585539.0
996476.0
300201.0
0.0
1.88449408E15
7.8235844E16
5.3574484E10
3.49321167E11
8.3386794E11
1.67227249E17
0.0
1.56864299E11
0.0
518119.0
4.82174829E11
835658.0
0.0
721791.0
793842.0
581566.0
0.0
0.0
0.0
20043.0
0.0
3932.0
0.0
675770.0
716839.0
1731588.0
2.80378376E11
445560.0
489410.0
5.63415494E17
1896096.0
4.89190818E11
529138.0
2152567.0
310913.0
0.0
9.5119532E10
3.8367685E17
48015.0
0.0
1762672.0
0.0
361482.0
613412.0
3.15632143E16
855590.0
4.04419969E11
2.27599548E11
1.70889069E11
6821.0
6.0392374E11
4.9877653E16
1368595.0
572576.0
111948.0
7.4828474E11
3.08807434E11
0.0
1051118.0
2.36348168E17
1105993.0
1.75167291E11
998773.0
135835.0
0.0
2.74780058E10
6.8683436E10
212648.0
99429.0
1714278.0
6.4532251E11
2.07865987E11
2.52614345E11
1.10965105E11
1.37098494E11
2224315.0
487109.0
0.0
6.3272622E11
263051.0
3.9119859E16
422159.0
405466.0
713173.0
0.0
1.38873539E10
17202.0
1103303.0
575071.0
579111.0
1.65208375E11
0.0
0.0
0.0
0.0
1786656.0
0.0
1052145.0
1726076.0
3.45114214E11
0.0
914212.0
0.0
4.37360918E17
268914.0
3.523253E10
8.2456039E11
0.0
691926.0
4.8899379E10
2.00504623E11
7.8187684E10
773424.0
458631.0
513441.0
0.0
0.0
917710.0
2.11435502E17
900359.0
400674.0
941070.0
831987.0
0.0
2.08256762E11
0.0
8.003413E16
0.0
230250.0
652337.0
0.0
1.98921044E11
0.0
7.5284172E11
7.6040462E10
0.0
1329853.0
1570417.0
919090.0
3.01112095E10
0.0
2009464.0
673788.0
210048.0
951228.0
41246.0
1269330.0
328490.0
243801.0
0.0
47618.0
1.3674456E17
4.4023441E11
767438.0
0.0
0.0
0.0
6.2287557E11
0.0
287444.0
0.0
1.93512129E11
1.77575011E17
759288.0
1379657.0
261331.0
1639237.0
0.0
0.0
1.49127844E17
0.0
593231.0
444284.0
3.58930055E11
7312.0
4.25026191E11
1.00444086E11
3.81120554E17
7.1528743E11
0.0
0.0
708843.0
1171920.0
311391.0
1349710.0
745634.0
5.2349832E15
2.57373995E11
35303.0
316720.0
0.0
967005.0
1.35644594E11
0.0
9903.0
4.39904797E11
364276.0
1244156.0
0.0
2.8371406E11
4.13417446E15
6582.0
0.0
6.0838057E16
0.0
0.0
2.52281324E11
2.88259277E11
496122.0
250677.0
8.8685208E10
0.0
4.7295411E16
240181.0
362151.0
27730.0
461684.0
2.0850049E11
125694.0
0.0
0.0
1.54153152E16
3.62052214E15
0.0
190782.0
987797.0
0.0
1937159.0
4.1185772E10
668745.0
1.24824791E10
133384.0
5.3925913E10
0.0
6.5833737E11
205197.0
1.64815454E11
269970.0
928763.0
71551.0
1294410.0
2137246.0
9.2988264E11
2.23310037E11
2.1628851E11
0.0
829382.0
873079.0
0.0
0.0
0.0
0.0
462870.0
6.8721694E15
0.0
2.15103832E11
1.24032369E11
294195.0
417768.0
0.0
436755.0
2.6938812E11
5.21850159E11
652860.0
470216.0
568275.0
1587237.0
3.48953543E11
0.0
468929.0
1.39921932E11
407991.0
436346.0
1.62242642E11
107498.0
468545.0
827425.0
117345.0
551012.0
5.7502427E11
416152.0
690502.0
514301.0
1921827.0
840260.0
1527114.0
0.0
345890.0
0.0
861463.0
675599.0
364770.0
560358.0
7.4252485E10
714295.0
0.0
2.27161162E11
3.77466782E11
1602636.0
2.08877158E11
6.966503E15
1137162.0
1.28606994E11
2.18412794E11
911453.0
5.38252214E11
0.0
2.68419973E11
5.47596957E17
0.0
6.1494926E11
462664.0
0.0
862383.0
463043.0
529807.0
865744.0
6.6686288E11
0.0
0.0
8.2156618E11
625575.0
2.5858107E11
3.41669413E11
1.84564171E11
489459.0
353779.0
155672.0
674701.0
0.0
6.5655983E11
4.18710028E11
74029.0
4.9360142E10
0.0
1.72597772E11
9.2272763E10
1.79582193E16
0.0
119325.0
0.0
0.0
0.0
0.0
0.0
525477.0
1250125.0
606964.0
1.16153E11
793672.0
1299022.0
0.0
118199.0
2.7041389E11
42941.0
6.691415E11
120218.0
0.0
893497.0
3.47495105E11
0.0
0.0
5.3354422E10
376977.0
0.0
614290.0
708444.0
0.0
2.71798403E11
1737681.0
237510.0
2.17097978E11
275169.0
366460.0
456665.0
1.8528086E10
2.10564485E10
201694.0
0.0
270129.0
1.47231359E11
1730467.0
0.0
1274633.0
253844.0
81099.0
788872.0
0.0
151165.0
0.0
735574.0
1201190.0
967499.0
757494.0
307258.0
184077.0
2.24559411E9
0.0
0.0
724008.0
861324.0
2.30944244E11
1.76377344E10
529763.0
1026034.0
667140.0
1.08400321E11
6.8371001E10
5.9032039E10
2.54375772E11
0.0
0.0
2.12882648E17
2.55206949E11
2.22162403E11
0.0
715056.0
3.45721675E16
2.26485023E10
200074.0
3.7132268E10
144530.0
825681.0
941728.0
336458.0
2.91366076E11
1.90527923E9
2.88544214E16
0.0
0.0
455808.0
1790346.0
835360.0
0.0
3.7607379E10
36127.0
7.4863616E10
907516.0
782052.0
7.5744543E10
0.0
824204.0
923531.0
136965.0
0.0
0.0
1.32175231E17
1245878.0
1523197.0
0.0
0.0
376781.0
0.0
467127.0
4.6004785E15
5.9465557E16
0.0
534814.0
711933.0
0.0
2.39104049E11
1112274.0
0.0
1007602.0
929197.0
596771.0
161957.0
1660890.0
660840.0
0.0
1.11827763E11
3.83088358E9
2.74055234E11
731065.0
9.08935E16
151277.0
750018.0
969099.0
0.0
377803.0
7.0171768E11
208266.0
1.31881402E11
0.0
4.9474102E16
939238.0
719164.0
0.0
551395.0
9.7798461E9
722755.0
626966.0
0.0
2.3002882E11
3.7144764E10
709731.0
0.0
277138.0
786266.0
2.03936793E11
809247.0
0.0
800817.0
2437073.0
2.76586562E11
953384.0
7.2259142E10
982144.0
2.00138605E11
0.0
0.0
0.0
1614259.0
841712.0
963546.0
1.67095173E11
2775428.0
9.2163875E10
1.89629727E11
884048.0
1357205.0
576988.0
2.39596778E17
851587.0
5.3417992E10
42315.0
6.2748007E11
1658472.0
234948.0
262240.0
0.0
2.54129848E11
0.0
6.8037978E15
1.77210933E11
697590.0
0.0
871147.0
0.0
2263245.0
671547.0
848977.0
0.0
0.0
2048912.0
913462.0
1459777.0
1693144.0
581761.0
1352103.0
3.84451478E11
581795.0
0.0
1.0831514E11
1.36087824E15
577700.0
0.0
3.9273619E10
4.11622474E11
0.0
647015.0
6.829343E17
697247.0
1.94413481E17
397868.0
787440.0
1421131.0
4638.0
655697.0
702953.0
826237.0
531095.0
0.0
1065968.0
0.0
383792.0
3.19884722E11
0.0
0.0
0.0
1.61812414E11
594248.0
6.5154589E10
1.95360358E11
0.0
1.90488543E11
8.4214559E16
0.0
3.0970966E10
1.69267753E10
1490592.0
373787.0
0.0
0.0
9.1249552E16
0.0
1288299.0
53188.0
179390.0
1821623.0
1.99170441E11
0.0
400094.0
22433.0
673728.0
1071486.0
4.17867465E11
655402.0
0.0
1.70430584E16
862933.0
0.0
662755.0
4.65129909E17
692244.0
3.73739533E17
54561.0
352451.0
2.08364261E16
7.2663443E15
8.2392023E11
4.81204142E11
633930.0
171337.0
0.0
0.0
3.13112943E17
961489.0
828403.0
3.90742147E11
8.3696098E11
619234.0
952682.0
0.0
968094.0
1395774.0
0.0
638819.0
1521914.0
5.5092904E11
2021356.0
2.76488978E11
5.5548582E11
342411.0
52767.0
0.0
0.0
0.0
0.0
1031181.0
1.7214978E10
31012.0
0.0
2.59489403E10
1.32262195E10
1282490.0
997643.0
1.8745226E11
817657.0
456337.0
0.0
297877.0
0.0
440364.0
4.93615809E11
3.15921306E9
664684.0
6.0172097E16
891442.0
2.60338139E11
4.09359679E11
415041.0
1099124.0
1.02801981E11
7.9146771E15
5.05026642E11
6441.0
4.83705979E11
0.0
423348.0
0.0
1543494.0
1041908.0
272279.0
1874295.0
49116.0
0.0
58602.0
255714.0
7.2886642E11
70158.0
1.81077393E11
365596.0
430818.0
0.0
1.4617754E11
1.17150812E10
906064.0
465815.0
9.2856795E10
531537.0
0.0
602099.0
579207.0
308705.0
0.0
1772.0
2.06911128E11
406185.0
321885.0
0.0
377168.0
585832.0
213025.0
0.0
2.95549504E15
0.0
3.99152873E11
351395.0
9.3987207E16
0.0
1462170.0
3.88022665E11
1.84375318E17
422821.0
1.54937939E17
9.86943E10
683020.0
0.0
2.03677139E11
458606.0
0.0
684923.0
848788.0
790225.0
1873039.0
1.26735936E9
1.29694024E11
620316.0
8.5039585E9
305074.0
5.00671414E11
0.0
1.03139615E11
502536.0
202891.0
7.157547E11
1.77628004E11
1246802.0
0.0
2.13000561E10
0.0
2.22932511E16
786390.0
341866.0
0.0
867337.0
2368383.0
984346.0
1199434.0
0.0
442919.0
1.05796198E15
1232511.0
2.80183112E10
29208.0
73928.0
0.0
813896.0
4.76352676E11
248639.0
1176742.0
627301.0
0.0
718743.0
1135928.0
5.1015287E10
5.0333864E10
0.0
5.1510886E10
888685.0
0.0
5.6928862E10
1.26470164E10
0.0
1.4092184E8
587082.0
0.0
822946.0
1446941.0
8.6175265E15
0.0
439.0
546005.0
1.46688688E11
2033333.0
269827.0
3.69405739E17
0.0
4.06440692E17
551748.0
777881.0
0.0
69079.0
1171636.0
1440545.0
123815.0
391824.0
251071.0
20926.0
911828.0
106897.0
0.0
800810.0
683289.0
685592.0
1620220.0
1.04205484E16
727195.0
4.64895836E11
1.31830809E11
302791.0
354902.0
0.0
783646.0
102517.0
4.67807404E11
0.0
2.2949983E11
643507.0
2.75241271E11
884511.0
1.7625728E9
917437.0
2.36096406E11
1907599.0
0.0
1.29088498E17
813935.0
6.8954701E15
248886.0
1.01907101E17
1033894.0
417557.0
0.0
2047490.0
9.8576884E10
0.0
0.0
41002.0
673941.0
1649651.0
1.38313108E17
0.0
0.0
654038.0
0.0
2238870.0
0.0
0.0
0.0
8.2005223E11
2.84835021E11
0.0
3.7719792E11
0.0
0.0
1838495.0
2.08172302E11
205712.0
1035584.0
656467.0
893709.0
7.4290741E10
0.0
1.49796949E17
0.0
231850.0
0.0
1.51495967E11
0.0
278472.0
49980.0
1.35336804E11
1725697.0
4.7470057E16
1.23138662E11
0.0
0.0
327540.0
2245068.0
3.86149941E11
0.0
0.0
140978.0
0.0
283192.0
1.06614456E11
2.03578425E11
246632.0
325115.0
0.0
7.6494173E15
980283.0
1216434.0
0.0
0.0
626256.0
8.9651659E10
1.57710909E11
2.23664717E17
4.7391304E9
647364.0
8.5696178E11
2.305317E17
367581.0
0.0
2.17605742E16
130153.0
1.17071102E11
7.4041729E10
32441.0
6.2649067E11
140354.0
610503.0
976482.0
0.0
179207.0
0.0
528224.0
83328.0
7.0645023E10
391134.0
1.24950013E17
1.18857433E11
327093.0
0.0
1374098.0
679551.0
792219.0
3.35630769E17
2.86344E8
1702068.0
400656.0
2.86609473E17
0.0
3.6087849E10
1.59545219E17
0.0
2.57951416E10
589841.0
0.0
0.0
452826.0
395116.0
0.0
1293391.0
1.4477063E11
0.0
1.63115172E11
1.45789567E11
0.0
7.8598124E9
3.09835951E17
9.7589841E11
0.0
798939.0
759270.0
200828.0
0.0
0.0
1.20577972E15
0.0
5.25587907E11
192333.0
0.0
0.0
340930.0
0.0
81048.0
0.0
1565034.0
603475.0
737258.0
1.9636521E10
0.0
705797.0
0.0
2.64857387E17
1683267.0
3.3162779E11
0.0
0.0
0.0
251567.0
0.0
0.0
0.0
28253.0
4.6156071E10
0.0
0.0
897370.0
5045.0
0.0
0.0
2.03254238E16
1.70368389E10
887507.0
0.0
0.0
0.0
0.0
1.97356049E17
160866.0
0.0
1877746.0
3.83296373E11
2.42301082E9
0.0
239872.0
904256.0
1.76456155E11
1975298.0
458129.0
297729.0
765620.0
1.34281362E17
704841.0
2.51253719E11
533334.0
638552.0
608924.0
613923.0
1.60372703E11
5.149814E16
0.0
0.0
1776089.0
1.91701824E9
7.2558608E10
1.68771846E11
404934.0
0.0
1.50157656E11
1661900.0
1.84077582E11
1.87785019E11
139447.0
9.9069526E10
588946.0
0.0
1246602.0
234065.0
0.0
0.0
3.29207633E16
0.0
7046.0
752208.0
6.4101745E11
711727.0
511235.0
804417.0
3.71367969E11
749472.0
1361668.0
2.03636802E11
0.0
7.1115989E10
126276.0
0.0
3.03206826E11
946136.0
183480.0
3.01377877E16
0.0
719991.0
2.97817866E11
7.6775994E11
712303.0
0.0
949384.0
617534.0
793469.0
0.0
0.0
563690.0
663940.0
519636.0
1.90912134E16
663944.0
0.0
663339.0
648909.0
12135.0
599571.0
0.0
7.0693536E10
4.8267401E15
0.0
286696.0
0.0
5.7139958E10
7.6310158E11
2.94023954E11
2.33044398E10
5.22412032E11
0.0
352320.0
5.01903503E14
802766.0
2290355.0
841709.0
214001.0
0.0
644623.0
0.0
1.14065785E11
1.31021619E17
1.0256529E11
0.0
899617.0
214211.0
880663.0
236641.0
0.0
0.0
0.0
3.01071991E11
537117.0
873981.0
5.9777404E11
6.9013712E16
132807.0
467463.0
315885.0
3.557906E10
659851.0
679171.0
740607.0
4.81883259E11
7.1226425E11
0.0
478299.0
801533.0
1.13167958E11
9.3595126E9
0.0
1.41514949E11
0.0
2.29363486E17
821747.0
494575.0
0.0
0.0
1.69430204E11
85675.0
2596452.0
832240.0
0.0
423369.0
0.0
0.0
2015425.0
1204438.0
5.9775274E11
0.0
818336.0
5.35491334E17
5.3491073E11
1.88409581E17
0.0
9.4919729E10
1.38361012E11
0.0
288208.0
0.0
240486.0
1.34772236E11
2.07756444E11
2.82647798E10
499430.0
4.23178011E11
391824.0
0.0
4382.0
2.69089408E8
6.8200827E9
1.87983741E11
8.2576265E15
442404.0
8.9119906E15
2.56959611E11
1.19981045E17
0.0
946224.0
0.0
403868.0
960983.0
0.0
2.18624E11
980807.0
671059.0
3.25584098E16
478951.0
0.0
0.0
238763.0
0.0
1129730.0
865435.0
61345.0
668857.0
585587.0
1739344.0
0.0
266700.0
6.85411E10
5.4270095E9
576782.0
2.59254998E17
0.0
536678.0
530239.0
0.0
245546.0
1311317.0
0.0
819315.0
0.0
934322.0
1977494.0
0.0
0.0
18235.0
3.4792382E10
252348.0
1140976.0
72584.0
432678.0
1395770.0
247332.0
7.0681418E14
0.0
648210.0
0.0
326744.0
0.0
0.0
1.04904139E11
780057.0
803096.0
7.640181E11
2458149.0
0.0
2083091.0
0.0
324142.0
758089.0
0.0
0.0
2.24260538E11
1467124.0
1035125.0
840937.0
1.56879716E11
2.79811912E10
0.0
788055.0
915440.0
1.56229796E11
1155764.0
4.38646604E11
546616.0
0.0
7.9936946E10
0.0
1145272.0
0.0
3.58609486E11
116339.0
27446.0
2.04410778E10
140841.0
0.0
0.0
504153.0
94334.0
0.0
2546372.0
0.0
723132.0
1.64951409E10
1.50011478E11
5.43218958E11
0.0
0.0
43521.0
1319150.0
0.0
8.7788827E11
803672.0
1400941.0
208261.0
1.0154786E11
157075.0
969022.0
1.60581113E17
307895.0
16582.0
0.0
2.46037832E10
288161.0
4.14275338E11
5.3262571E15
0.0
691738.0
1684691.0
165924.0
982772.0
0.0
0.0
0.0
0.0
2.65481227E16
0.0
1713050.0
0.0
575018.0
372410.0
2.36584698E11
386971.0
2.25217741E11
2.43440859E17
5.7829032E11
0.0
353106.0
894090.0
5.277017E13
5.4207996E10
3.98049837E11
810820.0
453953.0
906540.0
0.0
6.4793412E11
5.6674229E11
3.8443411E11
9.7324904E16
3.78433602E11
0.0
178622.0
0.0
0.0
0.0
489866.0
884996.0
0.0
0.0
1822388.0
806783.0
681907.0
365185.0
2002680.0
1457577.0
0.0
1.40536613E17
0.0
298829.0
635719.0
1.32752448E17
4.03967246E11
1.32796324E10
0.0
1.21591603E10
0.0
505413.0
44960.0
205526.0
1.44804822E16
755378.0
1071761.0
808653.0
0.0
1.72872401E11
3.69384883E17
521419.0
273959.0
6.8400722E10
829796.0
729539.0
535414.0
526785.0
6.3958389E10
2.59963748E11
313515.0
1.52828663E17
2.82217284E11
1.31147997E11
0.0
8.4269416E10
4.2300441E10
198845.0
0.0
8.4055694E15
924304.0
1187163.0
0.0
140107.0
3.5263209E10
2.58200228E10
1.25670277E11
261717.0
0.0
208920.0
0.0
0.0
5.0659484E10
2965517.0
1.01500027E11
554878.0
0.0
8.6027903E16
0.0
432170.0
310984.0
238865.0
355596.0
1774640.0
874389.0
3.13819824E11
1.26277192E17
99737.0
1513643.0
588472.0
8.9953726E16
681950.0
1.09571965E11
802607.0
0.0
2.34483207E17
2.5121869E11
549759.0
630795.0
4.11577418E11
369988.0
2.937991E11
849264.0
8.582043E16
756460.0
1.54453934E11
558786.0
0.0
263433.0
290971.0
906647.0
0.0
668720.0
1110969.0
804075.0
2.84960031E11
634265.0
407910.0
0.0
805648.0
0.0
1338469.0
304448.0
1.29683112E11
4.0386016E16
298463.0
3.25146083E11
370883.0
0.0
909275.0
0.0
1592404.0
713882.0
5.34030778E11
0.0
1153122.0
0.0
0.0
117991.0
6.2844486E10
0.0
1322192.0
724959.0
0.0
0.0
2002987.0
0.0
1833783.0
1.91096903E16
151057.0
5.6677728E11
4.25419244E11
1295211.0
179901.0
0.0
968902.0
0.0
151201.0
516262.0
744475.0
7.9838931E11
503137.0
0.0
2.84032926E11
0.0
3.0685669E11
0.0
1.74420664E10
1029013.0
957041.0
71505.0
0.0
1973582.0
922757.0
0.0
614615.0
0.0
0.0
5.34192259E11
450806.0
826098.0
1.68394211E11
568459.0
0.0
1.12301752E11
0.0
2273019.0
526659.0
0.0
0.0
672026.0
457240.0
0.0
109095.0
0.0
0.0
181488.0
0.0
3.19474133E17
0.0
3.13958793E11
6.4649593E11
2.40866533E16
4.86015861E11
416046.0
2.55853314E11
3.393886E10
373272.0
0.0
660498.0
4.7648083E15
667183.0
0.0
3.18236623E11
627712.0
622466.0
42205.0
0.0
482012.0
5.3043593E10
611903.0
1455892.0
1.73144166E10
3.8883497E9
0.0
6.4113919E15
9.5076401E10
1891865.0
147050.0
1.36966496E11
6.7346812E11
577304.0
1.059022E16
1195712.0
666706.0
1417468.0
947818.0
6.1592456E11
282153.0
689916.0
4.2627701E16
1274855.0
928096.0
3.54020164E11
208055.0
1793438.0
69863.0
3.19945102E17
823596.0
2017901.0
1434293.0
67024.0
1.27477236E11
325256.0
692866.0
1870371.0
2.65910428E17
0.0
2.86950982E11
438583.0
1628344.0
6.24773E10
4.20970495E15
260153.0
0.0
302407.0
0.0
0.0
586349.0
2.06118616E16
1186541.0
468330.0
723541.0
968759.0
293873.0
667475.0
0.0
827017.0
8.7175848E10
0.0
212686.0
0.0
992663.0
1596669.0
0.0
7.2891807E11
7.3465227E11
162040.0
869804.0
0.0
7.3205345E9
0.0
972665.0
499509.0
1172577.0
435033.0
48762.0
364039.0
504163.0
0.0
809550.0
0.0
4.5665797E16
891341.0
522347.0
0.0
26128.0
1188329.0
350602.0
894125.0
1.66242943E11
2033429.0
6.5254408E10
3.30862223E10
634318.0
1.16331581E10
3.10366732E11
1.0316343E15
5.16560585E11
0.0
4.74100728E11
0.0
1.43428285E15
975322.0
912554.0
935406.0
0.0
1.23296924E11
0.0
7.4064208E10
709899.0
1.49245247E11
0.0
753173.0
0.0
6.2081722E11
3.6245537E10
5.29620599E11
4.6695469E10
1.53440453E11
1.17340873E11
579725.0
1.80644266E11
975585.0
8.0654647E10
0.0
1390810.0
763554.0
862860.0
1.19293823E16
899289.0
251014.0
469825.0
5.7510769E11
1160570.0
0.0
1016017.0
1.57859496E11
931385.0
722981.0
6.8384221E11
529650.0
0.0
0.0
0.0
983897.0
0.0
7.5811701E10
531922.0
1.42949646E11
0.0
798575.0
0.0
793592.0
599550.0
2.28738089E10
211493.0
257058.0
0.0
60279.0
3.35233188E10
0.0
528253.0
873213.0
3.44193892E11
887163.0
492978.0
0.0
0.0
0.0
1.67816446E11
0.0
2.00025915E11
3.1562494E10
9.4764502E15
1.9664298E11
879105.0
1043075.0
972881.0
140800.0
1.12550533E10
4.8163029E11
1.89279867E10
0.0
3.15802208E15
2.62324273E11
562153.0
0.0
193815.0
647788.0
2.93294178E11
787573.0
0.0
956256.0
4.04438319E11
464901.0
1.12469295E11
0.0
75250.0
439837.0
0.0
0.0
2114272.0
281451.0
425020.0
2.18482983E11
1873352.0
8.7441572E10
0.0
0.0
1.28395977E11
615996.0
0.0
4.1328677E10
84828.0
0.0
4.24407597E11
0.0
0.0
0.0
0.0
1.72640731E11
114756.0
926144.0
4.80636535E11
1482159.0
3.38011423E11
9.2632367E10
1.44144843E11
1.71212816E11
0.0
4.4011406E16
651622.0
712683.0
801028.0
845203.0
0.0
1.65475686E10
429575.0
3.6283228E10
1023729.0
2.40821813E11
0.0
1454767.0
0.0
0.0
2.58206596E17
1348930.0
843454.0
0.0
194708.0
1700517.0
1.74563885E11
5.2052538E16
242908.0
3.11379689E11
632970.0
0.0
3.88071588E11
0.0
1763339.0
7.1696579E9
6.0838416E15
1717965.0
766898.0
2.87447581E11
0.0
120009.0
0.0
288837.0
555468.0
2.37851623E11
2288694.0
111872.0
898166.0
9.0011001E10
0.0
5.5878828E10
97091.0
1849119.0
8.8020812E10
1.86309079E10
1328256.0
438805.0
0.0
1139579.0
296136.0
2.07497446E17
1.65553552E17
5.11200821E11
4.5804259E16
1606227.0
0.0
5.6344556E11
356088.0
729554.0
0.0
1943012.0
0.0
179800.0
739542.0
781714.0
953449.0
300152.0
513133.0
741769.0
497853.0
4.5789724E16
289414.0
518912.0
3.89291999E11
9.10587E10
6.4435716E10
1445641.0
0.0
1350869.0
0.0
3.70250744E11
3.46206874E9
1197859.0
0.0
0.0
0.0
0.0
0.0
339305.0
1.43088828E11
5.4775808E11
497653.0
3.12831246E11
3.03771848E16
224118.0
0.0
645169.0
515999.0
432484.0
6.1792872E11
0.0
179817.0
2.35816059E11
0.0
1531783.0
1.35065248E8
571741.0
153138.0
23806.0
71298.0
5.43016583E11
7.2391013E11
921499.0
270357.0
612372.0
1591723.0
0.0
839250.0
326977.0
1045144.0
3.38760434E11
613160.0
0.0
0.0
0.0
0.0
4.78406546E17
1.88718767E17
3.09193179E11
0.0
0.0
825976.0
6.9932404E11
4.2093488E16
7.4168656E17
1.08174352E11
1678499.0
0.0
1782504.0
647136.0
0.0
487666.0
563421.0
2.30143246E11
244851.0
0.0
1.73624508E11
2.12029547E17
4.99652002E11
0.0
0.0
1.05984246E11
1595040.0
1078267.0
1.17842698E11
0.0
711306.0
275550.0
16706.0
43313.0
842956.0
0.0
0.0
742687.0
4.14380622E11
899270.0
2.60840992E17
3.7958513E10
147809.0
798119.0
1856589.0
1114550.0
0.0
294987.0
995594.0
2.53713664E9
12616.0
4.5330297E10
0.0
679192.0
2.58922119E11
0.0
4.5917061E10
2.11435323E11
2.84379546E11
1128646.0
0.0
4.19525689E11
6.7999603E11
2.54606336E10
4.41498927E11
545120.0
6.0361579E11
829115.0
19192.0
0.0
1091099.0
797176.0
1723437.0
3.81453173E11
0.0
212531.0
383726.0
0.0
233532.0
2.39946251E16
251314.0
670157.0
1.17356421E11
3.84290652E11
6.4307921E11
2298818.0
2.004287E11
0.0
2.08470163E11
0.0
5.15869147E11
4.53189927E11
0.0
0.0
0.0
866698.0
0.0
4.63558476E11
1.49029555E9
4.00418537E11
0.0
528497.0
2.43036153E17
848473.0
398598.0
942390.0
0.0
2.47541858E11
0.0
270133.0
1.5235364E17
3.24965532E11
4.9396531E9
1505443.0
288178.0
6.8108099E9
1.41642416E11
3.9112065E11
1706338.0
139424.0
0.0
0.0
5.6762116E16
0.0
1480335.0
2.9269318E11
0.0
0.0
7255.0
3.6628505E17
0.0
0.0
1.98301237E11
549708.0
126333.0
0.0
0.0
3.08477986E17
6.9774024E16
760230.0
52328.0
1104243.0
0.0
740815.0
7.0441914E11
137616.0
0.0
130332.0
0.0
883720.0
6.3869112E11
5.15225944E11
7.2400398E11
0.0
538576.0
1356774.0
485903.0
1129711.0
162037.0
421766.0
563167.0
0.0
5.09266362E11
777954.0
0.0
242933.0
0.0
1.98078755E17
1.98281976E17
0.0
899461.0
0.0
398964.0
1104597.0
2216374.0
0.0
7.4650596E11
2.45774385E11
994825.0
536175.0
885326.0
5.6365809E15
24008.0
8.0913052E11
1911643.0
723402.0
0.0
0.0
0.0
1811442.0
437117.0
0.0
0.0
933018.0
1935707.0
8.2730274E11
7.4687807E10
828781.0
0.0
6.0697363E16
508046.0
0.0
0.0
1054431.0
828428.0
1406796.0
773549.0
7.4139975E16
201616.0
1263776.0
1662494.0
607756.0
377472.0
1013824.0
0.0
726510.0
5.21495413E11
1.5494683E11
4.01811542E17
0.0
3.55278914E11
673262.0
5.13737556E11
0.0
1.56290491E15
0.0
470923.0
0.0
5.8993095E11
0.0
6.9593506E10
6.5636866E11
2.8643401E16
377271.0
4.4362584E10
87924.0
0.0
1.66209393E17
868960.0
352900.0
0.0
1.43739524E17
138455.0
0.0
1012518.0
574763.0
63079.0
0.0
267272.0
3.06377327E11
1.72970508E11
204535.0
240314.0
0.0
5.5693935E10
425671.0
773087.0
5.5621098E11
0.0
459497.0
5.29060692E11
764406.0
1261884.0
2.40907977E11
6.3952296E11
0.0
0.0
1.33064261E16
0.0
5.3172473E16
0.0
1.58342298E10
0.0
0.0
0.0
655075.0
174496.0
0.0
372030.0
2.14102671E11
0.0
49748.0
808398.0
1045472.0
487751.0
0.0
2.59497801E17
77178.0
879169.0
818040.0
122456.0
0.0
1209266.0
1.87962675E10
373098.0
616379.0
441706.0
1.59883144E14
108403.0
0.0
1.4882775E11
0.0
996447.0
4.57006907E11
131872.0
126892.0
393835.0
1499072.0
1468970.0
0.0
3.83460704E11
1307395.0
6.7877999E10
3.07810427E10
3.0267143E11
3.24334584E11
936880.0
340639.0
0.0
992447.0
1.41557662E11
0.0
0.0
1288322.0
509494.0
88604.0
0.0
791570.0
1618592.0
1213618.0
1698669.0
3.39022316E11
127363.0
3.22989785E11
0.0
111031.0
8.6520467E16
1480518.0
230516.0
979986.0
0.0
7.4024776E9
938179.0
203074.0
507203.0
2.57639281E10
6.0575359E10
0.0
339189.0
0.0
192727.0
0.0
76197.0
673292.0
6.5036136E10
0.0
9.4814872E10
0.0
0.0
383518.0
545009.0
0.0
9.261817E10
212458.0
8.1093902E10
8.794704E16
0.0
1411552.0
5.1868807E10
0.0
728225.0
1.10126767E17
29816.0
632922.0
2.51475747E16
798631.0
1110840.0
1.15500166E17
0.0
1.09645973E16
856588.0
908436.0
3.26309315E11
569923.0
876759.0
0.0
413948.0
0.0
454314.0
0.0
0.0
0.0
0.0
402814.0
3.15815629E10
833638.0
0.0
783153.0
0.0
0.0
718674.0
6.9447938E17
4.1559871E10
616738.0
1826225.0
7.5713302E11
0.0
656764.0
0.0
957570.0
1244366.0
1.01071815E11
4.2930819E10
732096.0
0.0
410419.0
1.48658733E11
2.04878954E11
1.35895269E11
5.3454884E16
84818.0
0.0
717690.0
4.38282027E11
171632.0
1847967.0
5.39969159E11
2.49158681E11
2.4912683E10
0.0
827257.0
1103110.0
0.0
497007.0
6.8862843E15
0.0
303076.0
6.1084844E10
0.0
273930.0
0.0
344706.0
0.0
0.0
737625.0
0.0
5.17404623E11
1079822.0
0.0
0.0
922361.0
4.2878398E10
1.40135532E17
0.0
7.9510471E11
7.3898179E9
987836.0
192552.0
5.870703E10
0.0
1522165.0
3.8573093E16
1.50064988E11
2249532.0
879261.0
5.1347464E16
287992.0
6.0673147E10
2.13855969E10
0.0
4.2620923E16
8.6709226E15
0.0
1.87720866E16
174961.0
1940134.0
0.0
164746.0
1987102.0
974598.0
896434.0
250314.0
0.0
4.41339085E11
5.9034023E11
293483.0
3.16685763E10
1478858.0
0.0
0.0
8.0110674E10
0.0
0.0
0.0
1.69275535E10
2.42000265E11
0.0
3.92006599E11
2.418637E10
0.0
0.0
0.0
181197.0
2137484.0
0.0
0.0
890817.0
1358004.0
416138.0
0.0
57935.0
894937.0
0.0
147594.0
728305.0
2.59533501E17
0.0
446488.0
1420877.0
330353.0
0.0
0.0
703556.0
0.0
507416.0
952266.0
2.19901395E11
3.6755669E16
2.17608536E11
425526.0
0.0
0.0
0.0
539043.0
704935.0
0.0
4.7941692E16
0.0
38667.0
4.7478958E9
0.0
668426.0
532642.0
365540.0
6.5631527E10
381985.0
4.489873E10
149534.0
2.12854292E11
1.19417702E10
924589.0
569210.0
487777.0
11736.0
715985.0
1.04605071E10
0.0
3.31074118E17
509035.0
657707.0
383161.0
3.242235E11
495655.0
1.88185409E16
0.0
2.08766009E11
864466.0
0.0
174246.0
320493.0
1906982.0
4.43573109E11
0.0
293657.0
65821.0
0.0
1.22378576E11
0.0
421915.0
460173.0
1.51364338E11
2.65955328E11
6.4635834E10
936365.0
0.0
8.3975474E15
681077.0
614815.0
0.0
0.0
399656.0
530338.0
938991.0
1.31581493E11
4.21319016E11
0.0
2.8572713E10
1770848.0
3.04684138E11
1.39771642E11
654610.0
0.0
1237945.0
1331115.0
200172.0
0.0
722333.0
717620.0
0.0
2.04035299E16
1678923.0
112812.0
1931213.0
0.0
0.0
6.8881552E16
4.57053372E11
527210.0
0.0
1702902.0
2.5364693E11
0.0
750657.0
7.8775558E10
2363771.0
483943.0
9.9451855E10
14556.0
7.3995928E10
4.28766003E11
1207940.0
4.10036645E17
161546.0
0.0
0.0
0.0
4.5838798E11
1560851.0
2.37182697E11
508608.0
338209.0
97115.0
0.0
4.15692882E11
2.04905742E11
0.0
23130.0
1.43469394E10
0.0
967292.0
0.0
134819.0
203501.0
833483.0
1028983.0
1354724.0
3.7503177E10
2248878.0
0.0
0.0
641699.0
3.03483978E11
1360269.0
7.9486845E11
1.35711384E11
448714.0
149021.0
0.0
1.18329968E16
4.77923049E11
432618.0
932839.0
0.0
768644.0
598059.0
313500.0
1133580.0
373517.0
0.0
0.0
1516449.0
0.0
0.0
941434.0
4.65418387E11
2.49293046E11
5.5024312E16
1167260.0
2213013.0
434671.0
700820.0
929155.0
0.0
0.0
5.05050726E11
602943.0
1.41181239E11
647703.0
9.1397308E10
2.83250131E11
0.0
2.00544667E17
9.6469877E10
0.0
4.83521823E11
480266.0
853388.0
1232260.0
50271.0
958504.0
1.4428119E11
0.0
7.8912147E11
0.0
5.2218908E16
934672.0
1.44474178E11
540931.0
7.8738109E11
2.70718987E17
1136766.0
618098.0
236628.0
6.6991718E11
5.0352177E10
0.0
0.0
1.0366169E17
2.97645638E11
758852.0
3.0493347E11
7.3963749E10
2.14907159E11
1946527.0
4286.0
9.4404962E16
2.27849856E9
1068172.0
6.1749087E11
583393.0
720125.0
1.49581922E11
0.0
6.7319747E10
567652.0
377492.0
2.72610591E11
0.0
1025133.0
0.0
2.07073739E11
418622.0
2.95738474E11
2.45838447E11
0.0
5.1626807E10
0.0
1802372.0
8.302497E11
7.1315816E11
839845.0
572083.0
726500.0
955418.0
415668.0
3.97144031E11
4.32247871E15
129063.0
3.27556727E11
1.22310308E10
2.52826854E9
889619.0
0.0
1.38724864E10
3.49193404E16
0.0
1.98227935E11
590308.0
1943269.0
4.0959693E10
4.3360248E10
1.25109709E10
32684.0
293122.0
3.52645546E11
7747.0
0.0
1112571.0
150959.0
650606.0
1078039.0
2.85930324E11
4.56538161E11
432070.0
220310.0
621125.0
1569025.0
1370196.0
0.0
3.63890082E11
1.12381409E10
6.0502232E11
0.0
740385.0
259922.0
984864.0
0.0
0.0
0.0
0.0
71364.0
575241.0
0.0
0.0
2.36911066E17
248269.0
998364.0
511159.0
633280.0
604679.0
986553.0
1697150.0
229869.0
738325.0
0.0
2.88319144E11
0.0
0.0
0.0
652708.0
9.0998848E13
1203284.0
453334.0
0.0
5.28737468E11
976936.0
514296.0
1121778.0
1.76663839E11
2.95167032E16
0.0
0.0
2.96423718E16
2.13677097E11
4.12461367E11
1410659.0
3.11264805E11
3.05375085E11
0.0
0.0
144755.0
0.0
425860.0
1684980.0
635694.0
0.0
2527966.0
7.4922188E15
3.50961054E17
62601.0
0.0
1414866.0
8.2662508E15
228460.0
0.0
1114755.0
370393.0
803746.0
2.05807514E17
804820.0
4.3250411E16
4.42634981E15
6.739231E16
0.0
550790.0
7.4621346E10
135001.0
973061.0
6.033005E10
1.75432696E11
729152.0
0.0
0.0
0.0
1167967.0
230046.0
896267.0
579899.0
0.0
415209.0
232515.0
613954.0
791029.0
0.0
0.0
0.0
1.27101085E16
0.0
1.89383508E11
8.8122943E11
834815.0
1.84944787E11
0.0
5.02042329E11
318789.0
149942.0
735891.0
1117335.0
1583521.0
0.0
5.13560281E11
1.05314376E17
82412.0
1.33197424E17
6.8814201E10
90767.0
1022936.0
463696.0
1290760.0
383493.0
490879.0
197346.0
1.01666308E11
1651467.0
964256.0
1206846.0
889465.0
3.64832621E11
521093.0
0.0
552503.0
6.9439848E7
1045189.0
0.0
934071.0
882688.0
6.4262263E10
0.0
846444.0
387139.0
5.10506172E11
831805.0
1237319.0
799904.0
1170912.0
0.0
348703.0
1.5497021E11
2163369.0
0.0
545695.0
1009600.0
230711.0
3.01281587E14
2.11034292E11
0.0
6.7278404E16
484661.0
2.35324539E11
519529.0
0.0
2.53111992E11
1150427.0
6.3037427E11
2.71751889E11
0.0
2525627.0
0.0
41173.0
0.0
893689.0
5.590612E10
1.27494218E11
1.34050353E16
451932.0
0.0
2.51516416E10
0.0
0.0
2.51467186E11
0.0
6.1841854E11
0.0
0.0
1.8279154E17
7.7882589E10
401589.0
613508.0
480693.0
1.08240177E17
2.87931658E10
0.0
569989.0
2216563.0
0.0
264872.0
0.0
158701.0
396102.0
1312923.0
0.0
494015.0
748056.0
1499739.0
627666.0
1.63330507E11
737531.0
987915.0
0.0
4746.0
0.0
18130.0
1.11684946E10
0.0
0.0
7.6341635E11
976000.0
0.0
2.22543184E11
988975.0
1453779.0
11348.0
996594.0
871395.0
1988233.0
1981677.0
9.2329583E10
5.07472577E11
2.7688471E9
977671.0
989216.0
679267.0
1.08499446E10
4.54915621E11
1566365.0
1.54518389E11
1062020.0
0.0
6.5501635E10
3.42608596E16
8.5829596E15
7.0313066E10
684577.0
684145.0
1.05167397E11
2.85488916E17
1002413.0
2.38175171E10
5.14073264E11
1371905.0
6.0338772E11
0.0
7.4962083E16
3.14381435E11
8.0254665E11
4.97470046E11
0.0
2.74424607E10
528285.0
0.0
3.73427864E11
9.7525907E10
392311.0
1.73747126E11
671474.0
0.0
84733.0
602288.0
0.0
548306.0
605054.0
427044.0
3.9427158E10
915110.0
70533.0
6.1157507E11
1.8345789E11
153331.0
517524.0
1199724.0
1.11909144E17
0.0
630627.0
366766.0
972606.0
1.61344226E17
137457.0
1049011.0
8.5618386E16
276651.0
1728177.0
277299.0
786500.0
2.16610381E9
749249.0
0.0
0.0
902350.0
1.6093842E17
771937.0
5.5716912E11
797093.0
513479.0
8.2325185E10
312334.0
4.15101387E11
5.8044858E10
6.2632739E10
0.0
464352.0
0.0
0.0
4.5648454E10
1161.0
472308.0
1565655.0
460572.0
294490.0
0.0
881812.0
485563.0
959698.0
2.13685432E10
526449.0
2.22915887E11
2.46956582E17
1457142.0
0.0
2.30574637E11
2.07417393E11
704198.0
343572.0
1220962.0
1.28184435E11
1072617.0
4.02965103E11
0.0
0.0
6.256878E10
545232.0
4.8767496E10
0.0
517495.0
931264.0
3.56078516E16
921457.0
106373.0
9.5446189E8
0.0
2.04618793E11
1081361.0
0.0
1443603.0
4.433089E11
2083042.0
2.07782789E10
1.06446899E9
3.72278493E11
0.0
3.77845645E11
180790.0
3.18316413E11
936347.0
1.38146833E17
1720317.0
0.0
0.0
572444.0
0.0
919518.0
1.44135581E17
1122385.0
0.0
1136184.0
76432.0
1472405.0
1.43946602E17
1.73306495E11
1.33511506E10
81457.0
0.0
755849.0
0.0
377187.0
43222.0
1338296.0
1030458.0
0.0
1574038.0
495822.0
1733287.0
9.1865113E10
7.8251583E11
617504.0
0.0
1.83974092E15
227709.0
496493.0
0.0
3.588495E10
3.22895504E17
2.90960584E16
0.0
122076.0
458811.0
464571.0
1.96571251E11
5.4136091E10
558750.0
1.5218057E17
926059.0
482702.0
1.40507906E11
0.0
5.5683429E11
1534431.0
190357.0
841462.0
0.0
761477.0
20578.0
802714.0
105844.0
0.0
0.0
330843.0
0.0
0.0
1.60890626E17
51909.0
3.89116756E11
4.3884761E10
0.0
905516.0
0.0
0.0
1.30334803E17
1.10220904E17
3.57495276E11
7.9935635E10
0.0
2.56140032E8
1573436.0
3.35725052E16
0.0
345641.0
0.0
2.53605449E17
2.28149051E11
2226718.0
0.0
0.0
792303.0
134187.0
563329.0
556239.0
659865.0
314569.0
284615.0
2.39193391E11
1.15553616E11
0.0
513199.0
152244.0
4.811477E9
0.0
6767.0
76941.0
634068.0
1279874.0
2.160234E11
164105.0
0.0
4.50533582E17
4.14978605E11
3.0086294E17
718882.0
311938.0
3.8722933E10
1052868.0
0.0
1.2463874E11
48379.0
1329330.0
55653.0
9.9307612E9
229026.0
4.501678E11
34069.0
59805.0
3.13160274E10
3.01083279E10
254627.0
0.0
3.22075974E15
322599.0
831012.0
4.38961668E11
1.2517994E17
1.71893976E16
4.02311512E11
0.0
692301.0
2.45049084E17
1395313.0
1220489.0
1.63087032E10
2.07717073E11
0.0
1.30498355E10
9.5020892E10
0.0
0.0
1801013.0
178065.0
1159372.0
0.0
989622.0
787691.0
0.0
0.0
1.03047752E10
3.90993707E11
0.0
0.0
788252.0
161604.0
98524.0
823348.0
164574.0
6.6701682E11
5.56746543E17
887001.0
3969.0
816056.0
435445.0
2324969.0
1.71305441E17
1.48789576E11
3.4471051E10
0.0
0.0
1507971.0
237358.0
287680.0
0.0
1.98502157E16
439347.0
231974.0
757468.0
0.0
5.8675089E10
0.0
2.38245806E11
3.8642905E10
303574.0
0.0
2.35725128E11
389546.0
2.54018699E11
527754.0
611882.0
9.1702603E16
4.1375821E16
4.66107892E11
7.4847424E16
216822.0
320975.0
3.544082E10
385311.0
7.4471381E11
0.0
0.0
1963981.0
38717.0
0.0
0.0
841691.0
729202.0
1400527.0
3.87745546E11
0.0
1546226.0
2.31776813E11
0.0
129974.0
474318.0
4.69634676E17
0.0
955957.0
2.15859917E10
1593602.0
504979.0
0.0
8.7749755E10
2.51398324E11
943538.0
6.4001448E11
6.4588802E11
598617.0
6.0745574E11
51849.0
0.0
0.0
2.36763431E11
2410189.0
766007.0
0.0
4.62741373E11
778767.0
0.0
812816.0
201648.0
7.4530632E11
1.20335516E11
474186.0
2.17418696E16
5.5704828E16
801064.0
7.2445714E10
0.0
178097.0
300294.0
5.804285E11
942289.0
741955.0
850988.0
0.0
394224.0
3.7947834E10
0.0
8.7876855E11
3.42165815E11
0.0
1459438.0
804824.0
1.48108165E11
986775.0
0.0
5.29369631E17
283067.0
3.01611704E10
226196.0
197835.0
5.110246E15
60663.0
6.6256273E11
924344.0
7.9754428E10
7.9331541E10
8.1921811E16
2.84742353E11
0.0
560910.0
0.0
826312.0
0.0
344479.0
264224.0
2429724.0
0.0
1220014.0
0.0
3.13176646E17
1129069.0
1071646.0
0.0
6.6947206E11
576112.0
343422.0
0.0
3.9951008E10
0.0
419410.0
2.96764899E11
0.0
675339.0
2.955805E11
4.08866095E11
1.34091088E11
0.0
1314402.0
1302207.0
1.20448819E10
457837.0
715952.0
150850.0
0.0
462598.0
581173.0
6814.0
0.0
1070251.0
2.09412018E16
125334.0
145438.0
889537.0
0.0
5.0815451E10
1984658.0
9.9712598E10
224125.0
376578.0
1239851.0
580829.0
462989.0
544177.0
2.57088968E16
9.605147E10
6.6494381E17
1.80519344E16
2121603.0
911084.0
0.0
1424660.0
1103653.0
556597.0
0.0
399655.0
2.76626768E11
0.0
2.05285425E11
620904.0
0.0
396193.0
0.0
0.0
0.0
383077.0
436674.0
3.58686119E17
0.0
0.0
0.0
2.72711549E11
3.08771389E11
3.29237182E16
529715.0
0.0
0.0
1.15086057E11
9.6037274E10
1686313.0
0.0
0.0
0.0
0.0
0.0
1.25745783E11
1347742.0
2.76828344E10
0.0
509927.0
1.65765251E11
0.0
666123.0
473116.0
0.0
0.0
132430.0
339319.0
3.07011289E11
0.0
542458.0
0.0
244964.0
1.44397316E17
4.4931599E16
0.0
62355.0
1.73718027E17
9.4119846E10
5.7167616E11
1.00323721E11
0.0
1586866.0
0.0
332257.0
0.0
3.71780856E17
6.832178E10
2.11061031E11
2.87859704E11
162106.0
4.6616881E17
4.50176844E11
1300174.0
2.15559094E15
1240166.0
247811.0
352341.0
565956.0
0.0
4.9811463E16
0.0
242582.0
586810.0
1.36851891E9
5.8920147E11
3.54384773E11
0.0
6.1697727E11
2.52095181E9
0.0
1.46445074E11
1939021.0
621754.0
0.0
391500.0
675674.0
9.2308799E14
115289.0
0.0
0.0
635150.0
4878.0
4.61698793E11
1.5840777E9
683930.0
0.0
0.0
1.49412479E11
518773.0
1.03275804E17
461048.0
399635.0
0.0
820534.0
4.86705922E11
4.02397364E11
177949.0
937012.0
959250.0
914646.0
2.1584556E10
1.94299249E11
137627.0
1.16974131E9
325227.0
7.3463726E11
1573642.0
4.29734724E11
2196897.0
1.15911401E11
5.9132936E11
155494.0
690478.0
1.44199926E10
9.8748416E10
4.5311631E9
0.0
3.24096947E9
599066.0
674238.0
4.28552868E17
0.0
5.45071989E11
275406.0
4.4244236E16
2.139082E17
6.7564945E10
0.0
943304.0
804720.0
0.0
904438.0
849559.0
249898.0
0.0
0.0
4.54520406E11
772459.0
0.0
6.2994055E10
4.82406913E17
847916.0
0.0
665172.0
5.9305171E11
9.3091324E10
0.0
522427.0
578650.0
1.01274706E10
0.0
396162.0
2.12908671E11
8.3892576E10
0.0
0.0
2.29868127E17
527373.0
393288.0
765050.0
0.0
8.4727571E15
4.4582456E16
293857.0
0.0
784889.0
0.0
273165.0
0.0
714353.0
0.0
1522963.0
1.01853078E11
0.0
401197.0
463026.0
9.6530457E10
379978.0
0.0
4.0120369E10
891244.0
2.3286512E11
0.0
5.8685411E16
2.50302637E17
4.1150665E10
0.0
1.49507572E11
97915.0
429007.0
647198.0
0.0
252021.0
1.12393077E16
1106139.0
2.60954396E16
0.0
47656.0
740195.0
2.05313409E11
2.61079237E11
12208.0
0.0
338324.0
2.85030679E11
3.52829866E11
2.66719273E10
2.88538853E11
988867.0
1.84413585E11
876928.0
0.0
7.4577065E16
6287.0
0.0
0.0
1.04745349E10
551203.0
7.6358858E16
268671.0
9.941975E10
0.0
0.0
2.76420755E11
206248.0
627817.0
955520.0
0.0
3.76687231E11
1.45936168E17
574093.0
0.0
616093.0
0.0
1.59642403E11
938040.0
279967.0
8.5583553E10
276262.0
2.7679359E11
0.0
0.0
0.0
3.7634312E16
408403.0
2.01511854E10
2.12128154E11
1830141.0
533548.0
553513.0
0.0
673628.0
324604.0
551157.0
342768.0
0.0
8.8346762E11
191546.0
7.2915989E11
1.74035485E11
6.6756084E10
1.65015959E17
217970.0
457071.0
556758.0
3.80426342E9
0.0
4.06678831E11
759623.0
790257.0
3.85885209E11
13107.0
9.0535967E15
0.0
0.0
0.0
1803621.0
30117.0
725390.0
0.0
1.83300833E11
1263208.0
0.0
2259912.0
1.05895984E16
1.13319766E17
0.0
708879.0
828144.0
94316.0
4.7306371E10
6.5818632E10
1139835.0
526263.0
0.0
1.24663095E11
0.0
4.34875644E17
1533236.0
1.57199288E10
323694.0
0.0
564201.0
1.03505293E17
2.03155276E11
929230.0
8.923349E10
0.0
66494.0
161947.0
0.0
1728028.0
213195.0
535512.0
519559.0
1.20939433E17
1296802.0
0.0
3.6651361E16
251533.0
4.06653436E15
925624.0
2.52739912E11
0.0
612923.0
3.24064282E9
694578.0
331764.0
2.15585731E10
1.3623305E11
1.2639785E11
128705.0
0.0
2220812.0
450670.0
0.0
944723.0
0.0
1.67686619E11
2.40994222E11
1575108.0
1634340.0
651527.0
1.75240593E17
1517703.0
0.0
767511.0
1166766.0
0.0
1190508.0
0.0
15170.0
1.42612136E11
0.0
2156785.0
236565.0
0.0
4.52998529E11
6.8371149E10
772038.0
458143.0
2.60324311E11
5.1815002E10
960016.0
878136.0
914676.0
354277.0
4.85524537E11
0.0
5.3502201E11
686283.0
0.0
607826.0
1.87806167E10
0.0
4.54800998E11
0.0
1014042.0
226406.0
440191.0
6.3788247E11
1.78468602E11
482830.0
880891.0
1800828.0
440523.0
38667.0
0.0
9.5307188E16
9.8171579E16
0.0
0.0
5.5554775E11
708997.0
4.07859337E17
924280.0
801105.0
0.0
238069.0
2090846.0
1.31155812E11
0.0
918124.0
770894.0
808133.0
0.0
897175.0
8.5968473E11
410590.0
2.08968359E15
808370.0
1.65823276E17
2.43186401E11
466529.0
0.0
2.41042571E11
4.3086193E10
1.75655219E10
740251.0
364020.0
5.7056702E10
4.45469753E11
3.05065656E11
2.75145277E10
359873.0
0.0
805441.0
5.1033781E11
247951.0
515389.0
0.0
0.0
5.0401436E10
6.4153772E10
0.0
240722.0
0.0
0.0
248919.0
1.60769294E11
0.0
81647.0
0.0
388927.0
0.0
0.0
533092.0
1527598.0
294633.0
4.24366506E11
112927.0
524725.0
4.5704176E10
0.0
1.51119741E11
0.0
0.0
0.0
0.0
2.7425364E10
0.0
906360.0
290728.0
3.40384874E11
1117664.0
0.0
0.0
0.0
0.0
3.50190764E11
1364685.0
1252954.0
0.0
0.0
4.2502287E10
264087.0
0.0
6.8070629E10
0.0
0.0
0.0
4.09416172E11
0.0
596078.0
0.0
0.0
150648.0
4.49932755E11
0.0
610430.0
523569.0
95509.0
3399.0
619391.0
0.0
6.5159271E16
0.0
1498893.0
2.58210939E11
883435.0
0.0
0.0
121413.0
17805.0
1452030.0
832703.0
2.62179291E11
1307139.0
0.0
664765.0
5.10747673E11
1269192.0
2608110.0
1.92302252E11
2068568.0
337856.0
816192.0
606987.0
2.25442833E17
566001.0
1.56716728E11
0.0
0.0
818252.0
0.0
369572.0
2.27253888E9
4.82795315E17
454985.0
0.0
124713.0
2.51691419E16
363635.0
646992.0
0.0
1.02136279E10
1389424.0
8.2457428E16
440326.0
8.193799E10
783777.0
0.0
508675.0
0.0
187452.0
0.0
0.0
0.0
0.0
680766.0
0.0
0.0
542576.0
0.0
242000.0
8.7834093E11
6.8105954E16
3.58641074E11
0.0
88515.0
234865.0
52519.0
4.7593279E15
1.14606531E11
0.0
2.5220098E10
8.9424577E10
6.5199223E10
553956.0
507540.0
0.0
246587.0
0.0
2239914.0
0.0
1.84966718E17
4.20615424E17
1.59585878E11
1.16239196E11
226304.0
1031880.0
2.5957929E10
721736.0
1.69533637E11
0.0
19506.0
0.0
241526.0
978045.0
1.44481731E11
827910.0
653330.0
3.79447837E11
2.34774973E17
5.7332177E11
7.6386001E10
640283.0
571252.0
6.2495339E11
1193131.0
38798.0
713879.0
0.0
0.0
8.4680116E16
0.0
0.0
1152605.0
1.34733751E17
953427.0
1.83250125E10
1243239.0
1798603.0
5.6218537E11
0.0
639254.0
633159.0
292618.0
735605.0
872116.0
0.0
2.09155162E11
6.2747283E10
2.77986725E17
1218608.0
7.2637424E10
8.547473E10
396802.0
1.80018332E11
872585.0
6.5916551E16
5.5299395E11
1470489.0
0.0
0.0
497275.0
2.75868942E11
4.20191633E11
3.35380251E11
5.7800707E11
160895.0
2.20137603E11
0.0
0.0
772405.0
7.1297067E11
1318167.0
4.38294348E11
219755.0
548607.0
0.0
1825419.0
597962.0
4.36619847E17
0.0
832869.0
1201391.0
688696.0
337549.0
593859.0
4.9507107E10
5.8664773E11
1403126.0
1275514.0
1603926.0
856757.0
3.27352418E11
1.16042973E11
0.0
70863.0
909065.0
476014.0
845817.0
0.0
0.0
744973.0
1555390.0
5.7425396E16
206817.0
8.5043299E16
66148.0
1679963.0
2.88346788E10
2214927.0
1.93340165E16
822664.0
0.0
619431.0
6.4662857E11
7.0563869E11
774206.0
0.0
0.0
482589.0
0.0
1641483.0
5.0716613E11
2.3940499E11
0.0
2.82413269E11
727610.0
1771496.0
458203.0
1880264.0
0.0
968361.0
0.0
0.0
263561.0
1.26887141E11
999743.0
360375.0
2230964.0
1.40120525E17
0.0
0.0
13416.0
1.87670053E11
411358.0
0.0
677959.0
327195.0
1698398.0
905678.0
0.0
0.0
2.15732683E11
7.1552061E11
17795.0
885958.0
5.3796828E11
0.0
2.7915511E17
3.2812509E17
5.5929876E9
615273.0
6.370981E16
2.08806216E11
6.2024601E11
1.30353684E11
917761.0
978791.0
0.0
387509.0
7.225235E10
691297.0
0.0
361357.0
9.8806481E10
772612.0
1.45773355E17
879059.0
397791.0
5.5919313E10
0.0
4.14440601E17
76834.0
0.0
3.70127536E11
0.0
789032.0
1.32186718E11
0.0
219888.0
862783.0
1761055.0
591576.0
408678.0
9.6207401E9
885230.0
0.0
0.0
531300.0
3.44353636E11
534397.0
6209.0
437262.0
209107.0
0.0
0.0
215496.0
0.0
2.97157552E17
960696.0
1.96836016E11
847467.0
1.59975916E10
942080.0
265122.0
941267.0
0.0
0.0
663207.0
1014621.0
343027.0
7.5360821E10
0.0
0.0
3.97330973E11
935900.0
1.2954905E11
455021.0
428415.0
227237.0
6.4373575E11
615232.0
5.0727172E15
0.0
524451.0
9.0544013E10
5.2890542E10
1.31786768E11
0.0
4.62000292E11
4.80120635E11
1175867.0
77359.0
5.2690026E10
1554426.0
2.98480783E10
0.0
0.0
2380557.0
0.0
0.0
703357.0
8.6759121E16
1029211.0
0.0
0.0
1602725.0
8.0555885E10
6.2911919E11
1037499.0
4.13629219E11
0.0
6.0550342E11
1.76533176E11
5177.0
1.18852732E17
2.47806542E11
138582.0
530138.0
898838.0
7.1263781E10
0.0
881458.0
322437.0
0.0
543440.0
1289436.0
1.09734246E10
2.7048883E11
1.60590019E10
559783.0
319421.0
773140.0
0.0
0.0
0.0
494501.0
0.0
0.0
636796.0
4.29999321E15
887084.0
1337362.0
4.60522357E11
2.56214794E10
3.46183369E11
7.8693224E16
848075.0
5.5665191E11
2.76559907E13
4.63734178E11
0.0
636723.0
5.5969559E11
107939.0
402921.0
0.0
0.0
474858.0
0.0
0.0
1281734.0
824129.0
128147.0
717597.0
3.52201146E11
0.0
0.0
994620.0
1450174.0
1088814.0
5.48501979E11
420507.0
7.9623062E11
0.0
5.33225472E11
70269.0
685835.0
7.4244841E10
1.90917386E10
0.0
6.6577937E11
481118.0
7.0412472E14
592168.0
688081.0
1492672.0
5.0159521E11
0.0
0.0
1.61834411E16
6.2483641E11
259938.0
0.0
1809671.0
5.3300729E16
2.17610595E16
1065598.0
1.75175069E17
5.7972012E11
6.6091953E16
0.0
7.7983158E17
459834.0
0.0
622208.0
971503.0
0.0
2013985.0
0.0
5.43098733E11
9.0874426E11
8.7885119E10
993216.0
1.8824405E10
2.02897451E17
2.01926925E17
0.0
986667.0
827435.0
183123.0
742829.0
329110.0
4.13756097E11
1.77539968E9
5.6057476E11
0.0
1.73059785E11
0.0
0.0
516934.0
0.0
2096742.0
0.0
2.93496934E17
0.0
660627.0
898937.0
974218.0
600318.0
2181152.0
7.9947844E16
0.0
531106.0
0.0
4.02724422E11
693842.0
213994.0
1.9336328E11
1.00757286E9
0.0
837744.0
17558.0
2.11810648E11
0.0
4.78251909E11
972779.0
577152.0
1.08280309E17
3.6228386E11
553890.0
5.8918824E11
7.6077243E11
1026086.0
923290.0
480217.0
467409.0
3.43904474E16
8.7279673E10
431386.0
0.0
977744.0
4.40836784E11
284287.0
0.0
1.22179953E11
1368458.0
312186.0
0.0
9.1407462E9
464227.0
545968.0
0.0
287645.0
0.0
1156827.0
5.6196665E10
0.0
323449.0
0.0
5.05174393E11
0.0
892342.0
2.39591375E11
0.0
6.5002629E16
695586.0
9.9943457E10
495602.0
2.08156312E11
609180.0
1.39172184E11
5.7386539E11
378478.0
1442731.0
3.76291328E11
1115478.0
314521.0
217545.0
0.0
981688.0
500423.0
4.05077393E11
4.11813544E11
8.4415988E10
1042234.0
673108.0
1385.0
1.67439958E11
464420.0
6.3132373E16
37360.0
7.4858063E11
2.34401843E17
622195.0
313578.0
1.22325418E11
2.82629893E16
0.0
616310.0
0.0
7.0330791E11
463344.0
51980.0
0.0
866038.0
852849.0
5.25028196E11
3.46207556E17
2.46907142E11
0.0
900523.0
476409.0
2904268.0
21186.0
0.0
995192.0
2.40949108E17
456723.0
1427593.0
0.0
707438.0
244871.0
689082.0
1516794.0
904363.0
8.6070657E10
2.92204314E9
853996.0
8.7270081E10
1.2374596E11
294369.0
810993.0
0.0
2.06638973E11
0.0
8.4248258E11
565026.0
990976.0
663176.0
0.0
0.0
3.11520884E17
445478.0
0.0
1357765.0
6.8614173E10
6.570157E11
646307.0
0.0
735988.0
0.0
111600.0
4.82928768E17
1.80105019E11
531181.0
190906.0
1274165.0
0.0
1.61927236E16
432955.0
450230.0
1.32720399E17
0.0
0.0
0.0
4.92372984E11
2.02970448E17
0.0
927277.0
7.9374147E9
7.0360367E11
28959.0
0.0
1.17523008E16
0.0
1.13313399E11
373583.0
7.6622879E9
171645.0
0.0
2214385.0
660276.0
9.8003835E16
278930.0
492828.0
906039.0
8.3342669E9
1935056.0
222168.0
9.3059572E10
3.16987957E16
0.0
4.3067755E15
833952.0
343194.0
0.0
728986.0
0.0
0.0
6.004101E11
533281.0
172911.0
555779.0
0.0
0.0
5.7513417E11
1.63844506E11
0.0
3.17486697E17
2243693.0
1.87855929E11
0.0
1.42568828E17
0.0
1.34176244E11
0.0
953308.0
1611376.0
0.0
5.6428148E11
1.8077605E17
94415.0
0.0
0.0
620976.0
2.79930241E11
5.7936779E17
595700.0
3.7247881E10
0.0
2.9040758E11
4.38370271E11
2.08918594E11
7.5445797E10
1405943.0
7.8030085E11
0.0
984206.0
594740.0
2376791.0
1421361.0
2.72832037E11
8.0594838E10
2.55396741E11
1.01382439E11
0.0
907010.0
1950065.0
309159.0
7.3920201E10
0.0
936303.0
376977.0
0.0
0.0
0.0
0.0
3.13614045E17
0.0
3.13744118E10
1.42674608E11
0.0
7.2398821E16
4.95517991E11
5.3198544E15
2.75226067E11
562209.0
80274.0
570337.0
0.0
0.0
1111553.0
137011.0
0.0
1871425.0
5.9751248E10
2.37055476E11
66864.0
0.0
8.954202E11
1716447.0
1687120.0
0.0
2.36063425E11
349043.0
0.0
0.0
436055.0
96633.0
3.70752022E17
0.0
2.51266499E11
1.63890921E11
0.0
4.6935733E16
395061.0
1.24001526E11
0.0
92210.0
0.0
3.5374842E10
9.4572233E10
397823.0
4.28477809E11
2.54748271E17
0.0
720033.0
1.10182988E17
166614.0
1202470.0
462258.0
0.0
0.0
2485315.0
141940.0
858877.0
6.1294517E11
0.0
2.12550124E11
379573.0
3.47851892E16
1233996.0
2.2922394E11
0.0
8.6702568E11
0.0
4.07325082E11
1605901.0
1.20438407E11
754146.0
550810.0
0.0
451376.0
412550.0
6.663814E16
0.0
1.22291331E11
1465894.0
0.0
7.7895664E10
852862.0
3.07481068E10
875357.0
2.23815025E11
1.93365262E11
6.393511E17
6.0347541E11
107181.0
507140.0
0.0
6.5116098E11
289530.0
551359.0
0.0
2.71622573E14
157983.0
1.21300285E10
0.0
272838.0
4.75401552E11
3.71905921E11
361052.0
0.0
0.0
0.0
1415623.0
559725.0
0.0
2.09750835E11
368236.0
457671.0
5.04541774E11
1.56638577E11
0.0
0.0
675895.0
904607.0
216488.0
22470.0
0.0
126051.0
115705.0
1.65791854E17
717683.0
117298.0
0.0
3.18489606E16
0.0
6.1328441E10
0.0
2.67789058E11
777164.0
0.0
806834.0
381485.0
95209.0
0.0
866289.0
3.64984369E11
916974.0
641105.0
1.89510124E11
688184.0
973072.0
758522.0
3.79241726E11
315218.0
1.65229076E17
1.37813656E11
749241.0
3.34962917E11
0.0
1380644.0
282937.0
870308.0
148317.0
247578.0
892491.0
0.0
710642.0
0.0
0.0
1.27631868E17
2081227.0
0.0
745703.0
1.64344349E11
4.81605059E11
789442.0
9.7850401E10
0.0
362434.0
924752.0
7.7881593E11
1978094.0
2.83846164E16
7404.0
560222.0
2.01964061E11
0.0
1.65482127E10
192100.0
0.0
797413.0
6.9886973E17
0.0
2.37169066E11
62405.0
756911.0
486045.0
0.0
3.809928E10
0.0
921224.0
540601.0
670979.0
0.0
1.46435379E10
339543.0
1266729.0
2.44187767E16
3.77591661E11
682414.0
145567.0
4.41340494E11
717528.0
873895.0
8.4312313E11
350196.0
377361.0
246122.0
0.0
141235.0
600794.0
2.04920483E17
316287.0
4.57938305E11
1150766.0
681977.0
90423.0
824304.0
1320712.0
180694.0
1441981.0
557912.0
457909.0
1734321.0
8.6882373E11
697856.0
2.47041588E17
0.0
991334.0
3.93651E10
2166943.0
1870687.0
0.0
568301.0
0.0
3.15897446E11
287866.0
387354.0
3.68378741E11
0.0
870165.0
122563.0
2065119.0
1067362.0
408329.0
917086.0
1744009.0
7.2322678E9
1.5700086E11
5.47014705E11
0.0
3.4635137E10
909126.0
1409683.0
859865.0
479486.0
1.07437722E17
2.14684041E11
1758414.0
5.0007773E10
8.4949153E11
3.85784644E11
225780.0
8.7021152E11
0.0
554011.0
831349.0
188272.0
18466.0
3.8278918E10
3.04283484E11
574747.0
0.0
697088.0
4.35825443E11
723003.0
0.0
4.9236285E16
258366.0
2.39437349E11
511063.0
1720149.0
0.0
578807.0
1.22109428E11
355455.0
898015.0
5.02844752E11
1099342.0
706507.0
0.0
184326.0
8.2691719E10
9.8171423E9
1690845.0
0.0
0.0
163762.0
5.9414954E10
0.0
0.0
0.0
6.7550679E10
1243552.0
4.2007885E16
0.0
1.75033421E17
258221.0
0.0
1818649.0
666712.0
483211.0
980354.0
0.0
876554.0
1412804.0
1.36643428E11
2.8981223E17
967862.0
218632.0
4.50503705E11
2.72431825E11
1.08398532E17
179429.0
832939.0
546343.0
405852.0
0.0
621166.0
0.0
887488.0
5.7601683E10
1168201.0
0.0
324847.0
353720.0
836001.0
5.5127094E11
556441.0
0.0
0.0
289238.0
924186.0
670824.0
3.87277521E11
968227.0
0.0
7.6192186E10
2059595.0
6.7195621E11
865801.0
2.20646388E15
0.0
2.77440332E11
1.74059992E16
399593.0
0.0
1.01459386E11
293666.0
9.1267937E11
0.0
113522.0
0.0
5.9642518E11
201700.0
1177771.0
5.43955452E11
4.41700418E11
852609.0
572940.0
37421.0
441373.0
1.30497152E17
0.0
310443.0
0.0
641356.0
0.0
948016.0
0.0
1401997.0
247682.0
1877857.0
1.25304709E11
758205.0
5.8351491E11
0.0
804704.0
3.31474063E10
629046.0
0.0
3.8429676E10
9.0702691E16
0.0
666622.0
0.0
1.69396242E17
1.63958538E11
558890.0
0.0
870974.0
8.5598378E11
531986.0
564061.0
341377.0
965248.0
2.69963387E10
149091.0
5.0023312E16
440921.0
1.17907153E11
408424.0
865541.0
0.0
647715.0
531682.0
3.36926409E11
691489.0
1455301.0
796123.0
921886.0
2.11821363E11
5.3119877E10
2.18450084E11
3.68303636E11
0.0
0.0
5.30003821E11
485637.0
2.12167492E11
0.0
903859.0
0.0
862777.0
0.0
0.0
1333319.0
1.09709885E10
935125.0
3.09106391E17
943076.0
400518.0
4.5499868E9
0.0
199977.0
7.4233592E15
552512.0
430173.0
0.0
0.0
409990.0
2.52112648E16
0.0
3.04456532E11
1.78123244E11
184881.0
914742.0
5.04295555E11
512971.0
343716.0
1.56304683E16
6.7135681E11
0.0
214160.0
6.8779141E11
998094.0
0.0
0.0
267829.0
2.16044032E10
3.00363645E11
8.2602846E15
0.0
5.8312766E11
6.5000053E11
1487144.0
0.0
3.0142053E17
494289.0
74245.0
0.0
0.0
1264661.0
2.10114376E10
0.0
0.0
7.2207875E16
2.46931637E17
4.32388243E11
1.40954812E11
0.0
8.6853681E10
0.0
8.46029E11
677471.0
83237.0
0.0
0.0
945922.0
1342537.0
0.0
101306.0
860648.0
385340.0
139924.0
718489.0
0.0
0.0
166465.0
40533.0
1.95152577E17
1022945.0
0.0
1556270.0
1319829.0
83351.0
761858.0
0.0
0.0
0.0
2.50398147E11
2.2532522E11
1.00777353E17
310501.0
780193.0
1.11997575E11
1919621.0
1.78605621E11
492625.0
354084.0
419481.0
7.1986192E10
817805.0
23544.0
146197.0
1854032.0
987259.0
1.73090652E10
5.15787751E11
0.0
0.0
0.0
1029832.0
8.0884408E10
445555.0
2.40372784E16
971862.0
0.0
752985.0
1616539.0
2835182.0
642632.0
0.0
1183053.0
78492.0
639412.0
0.0
1.8115199E11
1099667.0
421387.0
763381.0
235445.0
3.21346634E11
80278.0
1763845.0
577247.0
443082.0
0.0
507130.0
2.87298486E11
0.0
278368.0
0.0
391468.0
0.0
2.75947727E13
5.867814E16
172842.0
0.0
1168331.0
6.3807455E11
1737166.0
3.67148614E17
938221.0
3.7301002E10
653430.0
0.0
1.92528386E17
730563.0
1.10383022E11
0.0
25619.0
6.109297E10
0.0
1287971.0
3.2691218E11
743144.0
3.46639532E11
9.0424369E10
122829.0
660616.0
3.92963359E11
0.0
0.0
0.0
0.0
0.0
101636.0
1.63169698E11
4.24549548E11
1506585.0
0.0
0.0
0.0
303930.0
2.55088869E11
893295.0
0.0
822065.0
976052.0
0.0
40256.0
1794055.0
533884.0
219626.0
559689.0
588931.0
959284.0
658037.0
1.71613358E10
5.40796256E11
0.0
0.0
4.14714792E17
509875.0
736123.0
1.11751848E11
0.0
3.88450091E11
0.0
1.06272974E16
0.0
648781.0
1073698.0
1.50753147E10
8.5538363E16
344271.0
1726321.0
159845.0
3.29108019E17
0.0
0.0
598951.0
0.0
393914.0
790478.0
280736.0
2.99672863E11
0.0
0.0
0.0
411851.0
267073.0
1897830.0
2.10034913E17
3.24966395E16
271912.0
0.0
8.1782817E16
578108.0
4.0870819E16
0.0
1.03520849E17
8.826821E10
0.0
278566.0
386928.0
433876.0
466539.0
659761.0
1409154.0
2.57512554E11
3.31160082E16
1668899.0
0.0
4.46615224E11
0.0
2.5701376E11
0.0
986194.0
4.9378963E10
638183.0
91692.0
878194.0
867723.0
116663.0
0.0
145249.0
1077525.0
0.0
0.0
1.54631569E11
760277.0
0.0
2.71370306E11
348611.0
1640423.0
318297.0
471464.0
49771.0
1.32451394E11
0.0
0.0
591613.0
1.49694202E11
2.27896656E11
5.8190885E10
0.0
776857.0
3.9101764E10
1935606.0
76788.0
0.0
9.1008147E10
7.2466637E10
29948.0
1.8477269E11
6.0859338E11
5.8329405E16
157407.0
263182.0
0.0
0.0
393587.0
1579162.0
1.14241431E17
1347995.0
1486790.0
1.16324482E17
4.4470016E9
2.37111919E11
512560.0
0.0
1315594.0
2221390.0
1.73693665E11
2660137.0
189389.0
9.6550736E16
0.0
319206.0
0.0
2.28525031E11
919124.0
1.6785526E11
0.0
291959.0
0.0
489577.0
1.394601E11
366117.0
377496.0
986773.0
0.0
627627.0
5.32615594E11
70918.0
1477212.0
4.41645072E11
0.0
4.5629407E10
3.50469503E17
482101.0
4.4058923E10
147929.0
0.0
3.87249988E17
0.0
0.0
2740.0
1.74165623E11
202585.0
0.0
0.0
1.4684273E11
1293464.0
1545647.0
0.0
1.82844798E17
0.0
795309.0
2.02270851E11
0.0
717364.0
0.0
0.0
229979.0
904368.0
0.0
1316223.0
4.28084142E15
631181.0
241855.0
8.0784712E10
1.69165241E17
1622332.0
857377.0
805874.0
361458.0
1.67776809E10
1183960.0
7.8988255E10
0.0
931851.0
781934.0
675511.0
3.17235495E11
2.15732651E17
1.36595112E11
75157.0
709710.0
601921.0
1200955.0
554365.0
1.2407713E17
0.0
0.0
0.0
383263.0
434503.0
0.0
1168723.0
0.0
1.83324924E17
2.07451714E17
0.0
0.0
0.0
988248.0
0.0
0.0
248232.0
986894.0
5.4738366E10
719959.0
815009.0
0.0
0.0
741863.0
0.0
0.0
0.0
0.0
1944710.0
5.18365381E11
0.0
435382.0
7.627977E16
3.7304261E11
1.53451451E17
428428.0
123425.0
996752.0
7.9606817E10
1.0408962E10
1460194.0
312938.0
4.5720979E15
1041259.0
3.8113972E15
0.0
521491.0
4.40524112E15
534531.0
0.0
1704799.0
1.17754405E11
6.5041806E11
5.8323272E11
0.0
207087.0
0.0
2.31246971E10
0.0
1742446.0
4.5911066E16
0.0
2.10172576E11
518018.0
2.02806374E10
0.0
0.0
888627.0
1766237.0
3.00518212E11
0.0
866606.0
3.28472822E11
0.0
345987.0
1670672.0
5.28098836E17
3.05244504E11
479317.0
601689.0
0.0
283536.0
1.1934335E11
0.0
8.225484E10
2.76411743E17
678456.0
0.0
855639.0
1868966.0
3.84438463E14
331094.0
0.0
148251.0
632542.0
1.05526796E11
1554612.0
168082.0
884599.0
0.0
1.77492942E17
968317.0
2.00227123E10
0.0
6.4761076E11
8.2076688E16
0.0
0.0
2.12053623E11
2.20542534E11
3.75156494E17
282583.0
0.0
102036.0
723604.0
2164512.0
3.59054193E15
4.13627187E11
0.0
556080.0
438835.0
866798.0
584385.0
0.0
1.30458977E16
610689.0
483177.0
3.96645695E11
1318582.0
0.0
0.0
0.0
2340274.0
1.45611375E11
196384.0
0.0
5.0070815E10
503095.0
415889.0
393601.0
1280810.0
0.0
1111406.0
200744.0
659627.0
0.0
3.41156189E16
7.3170764E10
0.0
0.0
0.0
654939.0
2021564.0
0.0
0.0
0.0
6.9827972E11
1224530.0
2.83840315E11
4.0395801E10
1.25043425E11
2.4611976E11
782707.0
4.18410882E14
1822456.0
0.0
1177.0
2.16845746E11
733179.0
0.0
4.096016E10
27636.0
0.0
1074876.0
2.64493191E17
211567.0
275075.0
397919.0
559767.0
8.3128648E11
3.09234794E11
3.39985756E10
1012495.0
4.39060922E11
2.99838603E11
4.5349733E15
4.4826452E10
0.0
1.15722461E11
2.80795996E10
9.4939021E10
3.26989808E11
2.01940111E10
67050.0
1219065.0
1.50678143E11
0.0
0.0
882904.0
161113.0
1.76472842E10
4.3454085E9
1.12320881E11
0.0
0.0
1164326.0
1136945.0
382659.0
0.0
915849.0
1101073.0
3.61380086E11
1.83543235E11
201135.0
6.7725767E11
0.0
0.0
0.0
3.30259835E16
0.0
855556.0
834759.0
5.6703281E11
857768.0
965745.0
3.5484447E10
1268201.0
174669.0
1096768.0
4.31120187E11
0.0
4.61932823E11
1.70025661E17
971061.0
96055.0
0.0
2.98838938E10
0.0
1.61701722E17
1859191.0
868268.0
792116.0
1684364.0
2.27503997E11
452601.0
1.99076762E10
0.0
953479.0
0.0
300160.0
1.09779981E15
385498.0
0.0
974278.0
1.81745566E11
307761.0
6.9852424E11
96293.0
762439.0
1969716.0
70862.0
0.0
916046.0
2289142.0
1582856.0
5.768227E16
864363.0
179242.0
0.0
533202.0
0.0
33340.0
213520.0
191036.0
834040.0
5.00163052E11
0.0
1108192.0
2.85685416E11
5.7586811E9
998510.0
688455.0
2008128.0
2.13683642E17
4.64319709E11
311335.0
460824.0
1.85205604E11
80897.0
0.0
0.0
0.0
4.9363726E16
1.36126841E16
807496.0
0.0
0.0
892064.0
252990.0
1175613.0
1198206.0
646225.0
4.6483116E10
5.8046041E11
250178.0
0.0
298857.0
1210111.0
7.3940605E11
2.52425728E10
1138906.0
1.8151639E10
0.0
3.9173225E17
1.28945177E11
491784.0
0.0
1.46740879E10
985605.0
0.0
4.743175E10
7.140823E10
238799.0
2.88804024E10
0.0
1.87369308E11
200415.0
0.0
1.1703779E17
1.71217977E11
481391.0
630265.0
771789.0
586083.0
6.9224032E16
0.0
3.70151686E11
1.19920435E11
5.19284883E11
83250.0
2.22644027E17
645084.0
0.0
405930.0
1.24292948E11
773002.0
1.31019932E11
665962.0
1.60819123E16
2.20509655E10
324045.0
0.0
0.0
0.0
5.4149251E10
0.0
313773.0
828351.0
0.0
3.52071647E11
1.24307907E16
0.0
653499.0
493989.0
275559.0
9.1163237E11
1.20448197E15
5.6035528E11
1469922.0
2.3395754E11
1927051.0
0.0
5.0101539E10
0.0
5.7942733E10
0.0
2.5657421E11
6.8925233E15
0.0
3.93442984E11
0.0
126340.0
6.5433469E11
2.22474748E11
0.0
239406.0
0.0
44270.0
3.12789777E16
2.00906605E11
278457.0
0.0
0.0
801783.0
1.23644539E16
0.0
4.06430548E11
3.3386437E11
908500.0
1.30291784E10
953835.0
2.22830406E15
4.57857761E11
4.7851028E10
2.10846663E11
0.0
0.0
2.75214504E16
832646.0
1602421.0
0.0
6.2880348E14
0.0
991993.0
771829.0
0.0
807285.0
2.7504831E15
0.0
707599.0
695302.0
0.0
9.707026E10
394604.0
1.83126606E11
1.66966063E17
249686.0
7.398187E10
0.0
679102.0
560697.0
0.0
1212630.0
0.0
1532571.0
9.552724E10
1.50287279E17
2170031.0
513667.0
875207.0
0.0
1598924.0
1.46131452E17
3.05214259E11
0.0
1.37654993E11
5.6281229E11
4.71155606E11
0.0
0.0
369727.0
827465.0
1.75205862E9
0.0
535721.0
6.8036539E11
7.6878879E11
9.0338519E11
6.2618537E9
440475.0
0.0
0.0
2.24152986E9
75444.0
803310.0
1330370.0
0.0
1228618.0
854745.0
843877.0
7.7436643E11
5.46051523E11
396629.0
4.183994E10
0.0
1321152.0
2168756.0
972606.0
1250633.0
0.0
1460621.0
610770.0
3.32027625E11
1.64129352E10
0.0
1557058.0
7.1632775E11
0.0
519252.0
1402214.0
6.2035939E11
0.0
3.73640954E11
0.0
1604985.0
2.67882814E17
198328.0
114310.0
727280.0
3.53455702E11
1.19370788E16
4.73443009E11
773436.0
0.0
1000294.0
0.0
650449.0
148500.0
0.0
1.79438698E16
245252.0
2.37026085E17
2.29860295E11
412943.0
8.6708593E10
0.0
0.0
4.0484299E10
0.0
0.0
8.9941565E9
834563.0
0.0
0.0
1.85229427E11
7.138303E11
716951.0
117021.0
916722.0
1483046.0
0.0
1757294.0
0.0
7.009579E10
836560.0
1527432.0
0.0
2.73210429E10
7.128025E11
0.0
64421.0
4.3177513E10
4.60675959E17
98101.0
2.23449137E11
387372.0
1440689.0
0.0
887667.0
0.0
0.0
3.16116238E11
279482.0
1.16462813E11
454225.0
0.0
0.0
970796.0
1.97736727E11
1929710.0
873748.0
0.0
342460.0
0.0
812391.0
0.0
520756.0
688138.0
926074.0
491868.0
0.0
972501.0
2.73783296E10
0.0
2.20871086E10
2.77810807E11
154352.0
664018.0
0.0
0.0
8.9330762E10
883192.0
425086.0
1.679855E17
0.0
0.0
1.36755678E16
566416.0
4.45427032E14
153520.0
0.0
3.20309246E17
747943.0
0.0
736161.0
78867.0
0.0
7.5760553E11
0.0
0.0
874461.0
6.902922E11
7.9327093E10
1774879.0
0.0
0.0
0.0
0.0
4.73686858E17
7.2038128E15
22840.0
343711.0
0.0
0.0
4.58402959E17
2.88599859E10
0.0
2.22039736E11
0.0
1.68614593E11
1024934.0
0.0
6.6752931E16
85099.0
420343.0
908663.0
1.11864863E17
2.87212995E11
0.0
7.8254465E15
481932.0
1.035684E11
607792.0
1.06808673E17
5.9993686E10
4.90625401E11
2.38686667E11
0.0
430426.0
552844.0
1.03762682E11
1491839.0
866990.0
656731.0
5.02193455E11
232517.0
703011.0
1.68579252E11
2.26416935E11
9.7411162E10
0.0
3.82753535E17
2.77243789E11
0.0
1186060.0
77304.0
0.0
0.0
0.0
557599.0
4.3883471E10
476935.0
1177804.0
1493108.0
0.0
1.46093113E11
942974.0
1494216.0
0.0
7.8579106E10
565681.0
643339.0
0.0
2043779.0
0.0
2.77457699E11
0.0
672433.0
563994.0
303672.0
0.0
0.0
653008.0
958754.0
5.5599425E16
3.60096964E17
1.74758085E11
1.2236995E11
1.432545E15
947950.0
4.70948348E11
335477.0
180396.0
2.36951177E16
0.0
6.4803144E11
7.1232605E11
619436.0
0.0
1058846.0
929420.0
910680.0
7.8403159E16
465828.0
4.9969483E11
2.03764859E11
389412.0
418237.0
52538.0
722827.0
0.0
6.0597994E16
1.06777584E11
0.0
1798521.0
0.0
6.946399E10
1.09005898E11
156634.0
0.0
3.6626096E10
0.0
2.11801883E11
1.44237629E16
548095.0
946090.0
0.0
769152.0
0.0
0.0
163267.0
5.2965988E16
3.05107691E16
124467.0
6.2630475E11
2105078.0
0.0
9.2437085E16
0.0
549392.0
596877.0
613690.0
230855.0
0.0
0.0
1236668.0
0.0
0.0
2.40333521E11
1.16059382E11
440073.0
1436296.0
0.0
900112.0
175677.0
1.92450232E11
0.0
1.4556273E11
0.0
1.55117781E11
638200.0
1107799.0
1.31906273E11
41344.0
0.0
1.91833457E10
1.26901117E11
868413.0
953149.0
969504.0
9.2178137E10
1.32562076E11
162965.0
859459.0
1458459.0
441958.0
0.0
8.7788257E10
1.54716193E11
0.0
2.04129037E16
184974.0
9884.0
0.0
843678.0
0.0
1082175.0
0.0
5.20936996E17
0.0
1937109.0
1892002.0
2.20672082E11
9.6991265E10
227555.0
462700.0
0.0
682539.0
0.0
4.9966291E15
234116.0
6.8077309E11
7.6796043E10
4.8381621E11
0.0
1235904.0
2.21704236E16
1.99967244E11
1043372.0
328903.0
298941.0
974147.0
993624.0
3.9482821E13
570909.0
0.0
1516108.0
2102593.0
0.0
3.90538789E11
159373.0
748893.0
815001.0
0.0
352867.0
2051460.0
3.51935496E11
0.0
0.0
107154.0
4.43362181E11
6.4617169E16
464178.0
811427.0
1.33929492E11
135801.0
792079.0
7.8687162E11
1579151.0
1181522.0
0.0
652587.0
1605737.0
1075028.0
9.6719069E10
3.9564955E16
3.39240328E17
0.0
0.0
387222.0
1.74537294E11
5.8247042E15
848280.0
502795.0
4.0413148E11
7.8092476E10
6.1109764E10
0.0
0.0
898191.0
1.9891082E11
1.13666097E11
809055.0
3.51124335E16
874616.0
2.42384814E11
2.55451873E11
0.0
3.46482672E11
4.02220843E11
4.12622127E11
1.23421157E16
364745.0
2.43774849E11
0.0
3.9995302E10
2.07685394E17
0.0
293438.0
977223.0
0.0
0.0
0.0
1158229.0
7.2967062E16
2.69285837E9
767358.0
1718.0
0.0
1.17271977E17
0.0
5.0715902E11
0.0
1532686.0
853105.0
2212618.0
0.0
2.43822442E17
0.0
509924.0
776273.0
0.0
74065.0
0.0
88588.0
1.74781392E17
8.7355671E10
0.0
0.0
0.0
0.0
3.87295478E11
192047.0
989574.0
3.5743128E11
2.38641456E15
450182.0
852353.0
4.51048079E11
2472.0
9.5171527E10
8.7005326E16
735369.0
0.0
0.0
853777.0
0.0
0.0
1945756.0
0.0
1309319.0
0.0
0.0
2.748732E17
368134.0
0.0
1254427.0
503429.0
0.0
735808.0
1956359.0
2208044.0
1.93261732E11
361131.0
732640.0
0.0
2.13784297E11
645629.0
276608.0
4.0768066E10
704544.0
0.0
0.0
815344.0
2.01263508E17
111228.0
798827.0
1672182.0
574185.0
685317.0
395209.0
748728.0
380166.0
4.2317165E10
0.0
1304206.0
5.35213212E11
1476195.0
456176.0
1.61356366E11
1.11363998E11
4.73895502E11
0.0
936976.0
5.5879546E11
4.25013969E11
1.96017944E17
880593.0
0.0
0.0
0.0
615525.0
1.31589816E11
9.0245136E11
325296.0
0.0
0.0
6.371122E10
2.75580387E11
445482.0
6.207318E9
0.0
208021.0
583006.0
506918.0
6.91567E11
2.24715346E10
1.38423501E10
663311.0
7.1050244E16
531558.0
1.72034933E11
0.0
1.47816045E16
693931.0
3.14703118E11
0.0
2.01979544E11
33435.0
0.0
0.0
691297.0
0.0
0.0
1009125.0
1.45196614E11
0.0
915013.0
488075.0
2.22546395E11
1226732.0
2.13186478E16
0.0
928498.0
0.0
0.0
2.64322662E11
0.0
1126500.0
0.0
1856187.0
1.55890237E11
706720.0
1.14438291E11
7.9783141E10
1077177.0
2.2120362E10
0.0
2.01180786E17
2103022.0
92168.0
0.0
870426.0
9.0574479E10
3.79797733E11
0.0
0.0
37928.0
0.0
5.767746E11
0.0
1.72759237E11
550320.0
1.17608423E11
5.4417798E16
318941.0
662148.0
931898.0
598826.0
0.0
1.6749431E17
0.0
0.0
0.0
7.9187504E15
6.7049666E16
0.0
262607.0
361312.0
0.0
269341.0
657830.0
253572.0
686455.0
0.0
650496.0
473173.0
658760.0
884519.0
371746.0
0.0
724901.0
254220.0
0.0
1056984.0
324138.0
493570.0
0.0
5.227945E16
1090901.0
491196.0
0.0
683159.0
0.0
1114953.0
0.0
684587.0
1010736.0
0.0
0.0
4.01821565E11
0.0
4.42750861E11
2.64739373E11
137784.0
6.0393967E11
0.0
715028.0
0.0
923489.0
192102.0
0.0
534103.0
319288.0
0.0
921774.0
25615.0
3.311539E10
0.0
0.0
2.57246773E11
672970.0
1.74573413E16
0.0
0.0
1.76742023E11
292356.0
567868.0
1.64540613E11
1027184.0
571952.0
0.0
0.0
2.19882088E17
0.0
1.0886692E11
0.0
102687.0
4.72244879E11
1311555.0
9.667517E16
897468.0
317848.0
513592.0
756920.0
3.562863E11
0.0
4.10921037E9
3.08755005E10
3.94864244E17
9.9276775E10
1288447.0
0.0
48660.0
903018.0
3.97642756E15
1335668.0
19145.0
446909.0
389080.0
0.0
0.0
908693.0
0.0
133977.0
4.9625608E10
1.83962214E10
174963.0
0.0
1732770.0
0.0
5.73952732E17
1267441.0
0.0
9.2627862E10
0.0
270325.0
1063618.0
8.34676E10
308762.0
777013.0
0.0
0.0
2520371.0
2.53344449E11
780074.0
575981.0
1069230.0
690123.0
688050.0
784362.0
0.0
921545.0
4.61430489E11
0.0
0.0
174349.0
771435.0
434176.0
3.20323977E11
0.0
925864.0
0.0
6.3221506E16
7.6827794E11
0.0
781189.0
927692.0
0.0
1.37111142E11
6.6477844E11
1.00461765E11
5.8903454E16
9.0548388E13
6.9936185E10
2.99430347E11
870380.0
932598.0
4.6745813E11
7.5597178E11
0.0
712042.0
640474.0
1556908.0
0.0
0.0
4.44302197E11
169175.0
258753.0
1980255.0
1502081.0
5.3964847E16
744827.0
0.0
4.4274706E11
406814.0
0.0
1233791.0
0.0
0.0
2613730.0
2.73483612E11
566012.0
0.0
493584.0
9.9270395E15
137433.0
1.46976244E11
0.0
8.6188458E10
0.0
103646.0
0.0
0.0
364089.0
1.10762327E17
469125.0
5.1873606E16
510631.0
0.0
0.0
2.48975646E16
1717022.0
4.3905296E11
0.0
614519.0
1438740.0
2.57264166E15
585934.0
8.0250536E11
0.0
5.8114782E11
327380.0
850197.0
0.0
1005940.0
6.4726278E16
0.0
4.14206874E9
2.14845311E17
3.28400044E11
511584.0
908885.0
91097.0
882710.0
808947.0
0.0
1910726.0
1506515.0
0.0
0.0
1.42611284E11
511395.0
465756.0
2.82954957E10
4.59953799E11
2.36890604E11
474377.0
1.41104841E11
0.0
1471504.0
4.26604659E11
63677.0
1.69784146E17
2.6187427E11
0.0
0.0
1.11242209E10
9.7353611E16
2.41512399E11
0.0
342913.0
1.60966166E17
5.5456553E16
1.86334986E10
5.3052692E9
1797488.0
0.0
0.0
4.85580734E11
5.2635951E10
3.12542233E11
493729.0
3.65061767E11
454013.0
4.59053088E8
1164655.0
0.0
293254.0
368932.0
0.0
2348755.0
2.41067357E17
0.0
1038458.0
2.09150176E16
1496901.0
552916.0
6.5398872E11
0.0
416810.0
4.46199923E11
34146.0
3.81923656E11
1275929.0
2.14566748E10
9.9448332E10
4.15286454E15
1259151.0
55193.0
40913.0
2.93369283E10
9.7981587E10
0.0
3.1063661E11
96894.0
5.5649939E10
0.0
1.96867965E11
0.0
0.0
3.94304913E11
571710.0
935585.0
0.0
497562.0
509283.0
291083.0
376369.0
1525715.0
472045.0
31173.0
580364.0
5.36934187E11
0.0
176585.0
143782.0
1.73708836E17
39404.0
0.0
0.0
1.13704337E11
1984144.0
539977.0
2.61487002E11
0.0
0.0
7.5314195E8
315534.0
1739267.0
0.0
2.53648421E11
2.94058441E17
784922.0
3.98145585E11
2321507.0
2.62141395E11
0.0
1564841.0
355456.0
1.77726616E16
0.0
114627.0
0.0
150123.0
2.2983852E11
712630.0
873939.0
0.0
0.0
0.0
1.54595967E11
1.24641772E17
699576.0
0.0
0.0
782595.0
6.6394894E10
2.80631738E11
4.68479765E14
1.64960879E11
0.0
935028.0
202765.0
534226.0
695587.0
0.0
348080.0
0.0
0.0
506555.0
0.0
640271.0
0.0
1.94489713E11
7.2289497E16
7.6261548E10
335178.0
2.85137501E17
684308.0
598160.0
4.72004297E11
0.0
0.0
827237.0
373640.0
447784.0
495236.0
1899511.0
708650.0
0.0
0.0
0.0
795567.0
1326682.0
2.00348387E17
4.15113019E11
848457.0
890573.0
6.0512342E10
3.7527491E16
7.7086185E16
828836.0
555567.0
1075148.0
817371.0
5.7612062E11
3.9944914E16
0.0
0.0
2.44751303E11
126919.0
0.0
969067.0
1598937.0
1.47540902E11
508497.0
0.0
271381.0
531896.0
112215.0
5.5288168E11
179728.0
0.0
6.5613798E11
1.38750035E17
520338.0
8.5411113E9
359054.0
0.0
4.0757281E16
0.0
119996.0
0.0
5.9458529E9
859010.0
1.38776592E11
0.0
8.2800765E11
0.0
3.5204504E11
1.00773642E11
3.88955701E11
482631.0
842715.0
124260.0
601283.0
0.0
553559.0
1.49424394E10
4.90782917E11
361363.0
210660.0
944549.0
272082.0
3.81116776E11
0.0
1888811.0
933938.0
5.8155254E10
2251580.0
3.47930722E11
3.9907462E16
396390.0
0.0
148345.0
0.0
1359242.0
559477.0
2070550.0
668923.0
1.43410856E17
1556475.0
724235.0
107996.0
0.0
989325.0
0.0
266711.0
292408.0
0.0
5.4294709E16
880142.0
1.80796768E11
614573.0
0.0
0.0
1109418.0
3.76939E7
160557.0
0.0
1860008.0
0.0
0.0
0.0
0.0
647429.0
4.05253915E11
0.0
2.08451486E11
5.6723048E15
0.0
0.0
29317.0
665970.0
1.00093938E17
1.54075525E10
156491.0
0.0
717346.0
1263998.0
0.0
53175.0
0.0
1.14357571E15
877164.0
800413.0
733835.0
2781576.0
2210859.0
2.84900149E16
3.30606894E17
0.0
0.0
3.59961252E16
174960.0
3.2092006E11
0.0
1788192.0
0.0
364561.0
0.0
2.74690032E11
3.47153582E17
1.22833158E11
979469.0
6.6609101E9
9.6742801E11
1.0894966E11
3.9710194E16
3.4368991E10
656710.0
1396996.0
333399.0
7.0999982E10
913493.0
0.0
1.36744411E11
5.3683028E11
154336.0
1174592.0
0.0
6.4927387E11
1333289.0
2381673.0
0.0
727411.0
0.0
311516.0
4.54314918E11
1.11243444E11
203602.0
1.68682258E11
0.0
517510.0
1033396.0
0.0
0.0
4.9006398E15
185038.0
1.22658677E11
0.0
608844.0
3.7722137E10
1.10763647E11
2.21627056E11
0.0
8.5151195E10
842821.0
976557.0
2144990.0
0.0
0.0
4.7963427E10
1260629.0
294381.0
2.90832773E10
215270.0
0.0
0.0
450445.0
679239.0
2.33863086E11
7.5579902E14
0.0
1755328.0
1793997.0
943515.0
7.0216693E11
4.85807915E11
5.21343336E11
6.551225E11
1.01957215E17
2.96844912E17
2.2971428E11
7.3207126E11
986392.0
414522.0
934344.0
0.0
183646.0
3.33613728E11
936112.0
0.0
513170.0
1353528.0
4.81487421E11
2.58918547E11
833848.0
732795.0
969578.0
317238.0
840694.0
5.06729464E11
1.85603867E11
834382.0
9.3300892E10
428715.0
7.3947912E16
781695.0
0.0
191784.0
2.99302945E11
0.0
118710.0
1215452.0
768824.0
0.0
951591.0
1978881.0
246241.0
0.0
257126.0
321212.0
4.9170403E10
251241.0
910140.0
0.0
3.8371697E16
1.84173773E10
3.42530523E11
0.0
0.0
0.0
199257.0
4.9431544E10
3.37295016E11
5.7885367E11
4.4143751E16
878978.0
5.8700042E10
1602364.0
1738429.0
1.14635022E11
338423.0
0.0
0.0
625104.0
651050.0
1.44544678E11
6.6394063E11
0.0
0.0
269831.0
2.3229846E16
774825.0
5.3081969E10
765797.0
3.75258743E11
302545.0
3.31467949E17
435661.0
325007.0
1306781.0
1778801.0
217251.0
518523.0
573942.0
0.0
229977.0
0.0
780352.0
5.1020984E10
2.61095391E11
87599.0
1.87536159E10
0.0
527070.0
2.75058131E11
0.0
0.0
1159571.0
0.0
0.0
596989.0
1.4166075E11
7.3730548E10
950135.0
0.0
152841.0
755987.0
765762.0
1183023.0
4.4441115E11
5.2061102E16
8.0640341E15
575922.0
1.99125221E11
0.0
6.4226663E11
0.0
4.41357058E17
8.359294E9
9.5167242E9
2.2024594E17
0.0
799635.0
1304395.0
0.0
872152.0
190206.0
906358.0
0.0
0.0
3.7413945E10
1.86767533E16
696545.0
886877.0
626622.0
830118.0
0.0
266303.0
747089.0
6.9028925E11
1.43764384E17
546915.0
3.52962281E11
86748.0
62998.0
565631.0
729256.0
1.49659746E11
727778.0
4.17089913E11
0.0
0.0
0.0
112263.0
1433285.0
0.0
0.0
8.7491727E9
4.90174153E11
1.32246694E9
0.0
0.0
816361.0
1.55466435E10
785941.0
408247.0
1.89420487E11
9.4746386E10
2.39012463E11
354646.0
391149.0
543506.0
0.0
1385909.0
1741515.0
487022.0
157304.0
181641.0
957944.0
3.7755277E10
487315.0
535856.0
388388.0
1.14846015E11
4.6361128E15
4.88662137E17
6.4076939E10
3.5935769E10
868289.0
8532.0
371987.0
2.33406497E16
0.0
1.70886475E17
3.75250485E11
685974.0
0.0
0.0
1.88628845E11
2.84176288E17
346135.0
885015.0
0.0
9.4446027E11
226948.0
2.92609495E10
1.82056727E16
3.77757991E11
2.61585547E15
972925.0
610554.0
788231.0
594574.0
3.6177056E10
3.72710801E11
5.701999E11
476458.0
1908238.0
483713.0
2.14928186E17
0.0
756462.0
0.0
456772.0
0.0
1822922.0
0.0
973466.0
0.0
110550.0
0.0
9.0133247E16
7.1406961E10
9.5306383E10
165351.0
4.935535E10
590728.0
108782.0
0.0
915048.0
0.0
782344.0
0.0
2.07301558E11
1480453.0
1.20505868E11
1.37237432E10
585455.0
1086514.0
4.10711097E11
818364.0
0.0
217549.0
383545.0
2492740.0
0.0
0.0
1589037.0
685629.0
2.85295144E17
631663.0
1.49617836E11
7.6261818E11
0.0
4.46083721E17
1.38658187E15
8.5164864E11
207919.0
488814.0
1.65282906E11
375209.0
2.83465544E16
635679.0
1497892.0
338089.0
759015.0
1791098.0
132252.0
2.02248507E16
161712.0
1114010.0
1827006.0
1972585.0
3.46279969E11
947901.0
3.5926383E11
765742.0
1.33305885E11
0.0
1.12090511E10
1.55589607E11
85062.0
2.91880735E10
56526.0
1.13615473E10
760188.0
2.88926171E11
547549.0
1053865.0
1.18887653E11
2.03009154E17
443787.0
0.0
1149621.0
0.0
8.0055356E16
3.27644447E11
236863.0
603563.0
0.0
152005.0
2.07537725E10
0.0
1.24201787E17
2.18251166E11
0.0
757675.0
0.0
966043.0
1.72902297E15
2.28571251E11
7.6060223E11
0.0
8.4338519E9
3.19741985E11
8.0763126E10
0.0
0.0
269079.0
0.0
800628.0
3.15003238E9
1.09084271E11
3.04993402E16
826758.0
7.3897091E10
0.0
123786.0
871881.0
455093.0
120428.0
116405.0
691613.0
8.3536208E10
0.0
0.0
0.0
1.65137352E17
5.9991215E11
9.0217644E10
9.5186165E16
852689.0
404263.0
0.0
1130328.0
552306.0
1591187.0
389178.0
832589.0
1.35512629E11
384609.0
9.0473647E11
538391.0
0.0
3.5723977E10
4.28027183E11
147076.0
8.2661396E16
810975.0
2.69127926E11
236917.0
1092787.0
752075.0
3.06001215E11
0.0
910216.0
878579.0
2.6165597E11
0.0
2.07211282E11
0.0
0.0
667693.0
182252.0
2.40622687E16
5.16421878E11
0.0
958148.0
1040122.0
861745.0
0.0
56138.0
1270364.0
0.0
0.0
0.0
0.0
269858.0
2.0074111E11
19739.0
719844.0
178647.0
1.84805081E11
0.0
3.78429243E11
0.0
1.34118282E17
904009.0
0.0
0.0
573092.0
3.25617418E11
0.0
5.47823485E11
4.2475878E16
8.7435647E16
577003.0
0.0
78878.0
740204.0
0.0
1299030.0
192577.0
890871.0
439634.0
803168.0
2.68029329E11
920203.0
0.0
0.0
1.13155097E17
5.7457836E11
0.0
575937.0
0.0
740781.0
403906.0
0.0
4.5657744E16
0.0
276767.0
0.0
105027.0
238062.0
0.0
2.48826069E11
472681.0
1521127.0
747945.0
711925.0
550381.0
1.22545398E10
1.75170253E10
163828.0
1495180.0
2.39322256E16
2.08638366E16
399536.0
4.39117709E11
0.0
802687.0
0.0
162426.0
4.68334674E11
378877.0
2.16107172E11
295288.0
1352196.0
0.0
5.6388952E10
1192373.0
986973.0
9.3829677E10
1221141.0
5.42645256E11
973166.0
4.26161799E11
1358457.0
758939.0
142321.0
974816.0
102843.0
3.9602022E11
1405530.0
1974145.0
0.0
579878.0
2.08984411E15
2.36611027E11
1.74459716E11
0.0
112016.0
335419.0
2085440.0
1.61017102E11
3.98693663E11
1310131.0
6.0718114E11
2.07290368E11
1057268.0
1154323.0
468602.0
1476752.0
3.621213E10
2.40276009E10
3.85165459E11
345251.0
2.19834663E11
2.44420189E16
610675.0
0.0
1.78701009E11
530656.0
198482.0
959555.0
0.0
8.200781E10
1131404.0
55103.0
8.1004265E10
2.20031123E11
349397.0
819189.0
249562.0
887364.0
1.25960331E11
548616.0
2.44587233E11
791159.0
0.0
522025.0
493559.0
357398.0
0.0
451382.0
0.0
3.48746056E11
0.0
647897.0
94834.0
2.49452478E11
0.0
0.0
3.50014473E16
0.0
132652.0
494395.0
637587.0
415314.0
975344.0
3.17514875E11
0.0
2.52808674E15
1151151.0
0.0
1359747.0
6.1034702E16
2.33689711E11
472588.0
609886.0
1.94677998E11
6.1161787E11
1.38768383E17
5.48251441E17
2.26613693E17
685710.0
586959.0
3.80678001E17
0.0
0.0
1.44836244E17
4.95896691E11
456940.0
0.0
0.0
1734183.0
750099.0
816935.0
997560.0
733918.0
3.79754119E11
533361.0
0.0
4.15360945E15
0.0
0.0
2.52047114E11
0.0
3.82253859E11
94116.0
1.21136529E11
6.6259845E11
614481.0
0.0
1174489.0
189889.0
1649690.0
0.0
0.0
164952.0
244040.0
6.5924845E11
3.45174802E11
1.01568602E11
0.0
1065929.0
6.2053639E15
629014.0
75083.0
364427.0
1.34393547E17
0.0
75379.0
206923.0
881385.0
1.34330524E11
0.0
4.9069097E11
297689.0
0.0
235724.0
0.0
626504.0
189375.0
751456.0
0.0
6.2167203E16
1.1805225E11
0.0
2535862.0
503175.0
946033.0
100826.0
6.0157584E16
9.2175729E10
937222.0
4.34661818E11
522806.0
434295.0
0.0
196626.0
533819.0
5.7806407E16
779423.0
225282.0
1573917.0
0.0
0.0
731600.0
0.0
4.79997985E11
0.0
0.0
771584.0
0.0
0.0
212560.0
0.0
2.47885447E11
1455922.0
724481.0
71199.0
389036.0
582502.0
712990.0
1668747.0
7.0201287E10
1638631.0
1.38178707E11
145595.0
9.9567444E10
1437065.0
2.03573608E11
514337.0
5.25025024E8
1.72825034E17
2.90728832E9
0.0
1756974.0
339740.0
0.0
954770.0
291967.0
4.5849612E10
777520.0
761954.0
0.0
0.0
0.0
97808.0
0.0
0.0
229541.0
2.99692655E11
2.4798167E11
208443.0
938746.0
776209.0
0.0
0.0
652610.0
2688690.0
0.0
0.0
0.0
67646.0
105750.0
2.63925617E10
0.0
1248873.0
0.0
0.0
1.27888845E17
5.23794547E11
0.0
1.53661165E17
0.0
5.9363643E10
4.7000684E9
0.0
433478.0
3.56237312E11
2.11981402E11
341860.0
423631.0
0.0
853579.0
2129160.0
7.1623721E10
8.5273664E16
17917.0
1230678.0
0.0
0.0
589449.0
254862.0
197957.0
67049.0
0.0
9.2769168E15
0.0
641343.0
3.78761314E11
0.0
559176.0
908761.0
412015.0
2.8833792E11
911750.0
709973.0
141057.0
0.0
5.42196236E11
0.0
1911443.0
997172.0
0.0
0.0
646528.0
4.99429704E11
1213731.0
0.0
0.0
1.06476627E9
0.0
0.0
0.0
0.0
761294.0
896219.0
7.6886048E16
1297624.0
0.0
234362.0
1.26477935E11
646048.0
0.0
0.0
1245938.0
4.9974612E16
872678.0
569676.0
1.7634988E17
0.0
5.3385838E16
435646.0
575038.0
1248529.0
998797.0
1.96480134E17
206189.0
8.025351E10
6.9052858E11
0.0
371365.0
0.0
419773.0
206941.0
0.0
2.21686016E9
778590.0
0.0
0.0
6.6180507E11
120195.0
683329.0
750688.0
465195.0
3.9202804E16
6.7442029E11
0.0
2491398.0
1.08423004E11
830079.0
2.73834951E17
0.0
0.0
4317.0
432664.0
0.0
833730.0
0.0
656890.0
351191.0
1524718.0
1.93374388E11
1.86439729E11
1.02973809E11
880962.0
1.01333165E17
119041.0
2.74770035E11
630165.0
808916.0
604984.0
881063.0
0.0
387007.0
975565.0
1.91793156E17
7.347531E10
870570.0
2116490.0
7.6388227E16
690598.0
0.0
0.0
5.1478804E16
257479.0
1056533.0
0.0
340920.0
194736.0
8.9809854E10
772162.0
2.27398976E15
747024.0
2.45650129E11
0.0
2038543.0
4.34333123E11
582680.0
0.0
403229.0
1.30270372E11
0.0
608055.0
0.0
0.0
271400.0
0.0
1325963.0
3.54947367E11
2.68335055E11
2.52410881E17
305633.0
1680173.0
340755.0
747693.0
726885.0
1.6497859E11
0.0
9.837609E10
800108.0
0.0
0.0
1.50737388E11
128084.0
1.18718267E11
941409.0
1.3941008E11
614484.0
1091863.0
1.76395756E10
3.6777722E10
1538998.0
164936.0
0.0
479001.0
1.07083055E11
0.0
2.01882927E11
1382059.0
138866.0
1628039.0
1058998.0
3.14526269E11
6.6171535E11
0.0
0.0
4.35569E11
233334.0
1.62856364E17
7.2764713E15
12629.0
1452055.0
4.06377058E17
919568.0
1.1680496E11
328601.0
4.13631775E11
4.0918401E11
6.7769068E9
3.20206373E11
873410.0
446535.0
0.0
759141.0
706569.0
0.0
0.0
34684.0
355201.0
0.0
971298.0
581352.0
323468.0
139042.0
768482.0
76816.0
0.0
0.0
0.0
200067.0
678943.0
716722.0
538288.0
156083.0
0.0
5.5251403E11
0.0
713232.0
1714826.0
1.08227256E11
0.0
392941.0
0.0
182928.0
222852.0
0.0
779854.0
1.14539831E16
1.92652378E11
494585.0
2.69804114E10
5.9306462E11
3.63328078E11
2.78863929E17
1865027.0
1777961.0
4.7256302E10
306917.0
0.0
362122.0
0.0
0.0
3.7947564E10
2.73195568E17
0.0
0.0
814360.0
463050.0
1.0656689E16
297754.0
7.4520311E11
1186658.0
0.0
0.0
0.0
0.0
0.0
1.94690335E10
0.0
3.48751001E16
0.0
1.47378688E10
6583.0
275261.0
0.0
8.2342137E11
1.06591064E17
0.0
5994.0
0.0
0.0
0.0
1167966.0
863640.0
1427432.0
1585589.0
1.67917399E17
340930.0
1455900.0
0.0
57194.0
4.8944673E10
676127.0
0.0
0.0
599380.0
1626119.0
1.42962924E10
5.1079913E10
0.0
188365.0
455515.0
0.0
0.0
2.13073019E11
487887.0
1193358.0
5.45530118E11
74988.0
9.60142E16
6.743096E11
983040.0
1.77992286E11
8.4468881E16
154901.0
524859.0
1.12156566E11
465098.0
3.95194761E11
5.898276E11
133739.0
458184.0
809226.0
2.30446539E17
138445.0
562642.0
0.0
1.16446642E11
8.4131201E10
8.3859486E16
6233.0
211187.0
1.97520949E11
376864.0
991674.0
0.0
0.0
6.0934587E16
256267.0
5.6042009E10
25110.0
718503.0
0.0
0.0
2047033.0
1.84979816E11
0.0
0.0
569469.0
771263.0
1990948.0
958341.0
140575.0
1077271.0
0.0
161073.0
34153.0
1.8442989E16
453455.0
5.8176381E10
1.98341804E16
0.0
732180.0
88412.0
2.99042275E11
0.0
0.0
734508.0
2.0649658E11
6.9254283E11
474378.0
7.0102302E16
2.47587874E17
857767.0
0.0
0.0
767347.0
6.2743786E11
0.0
1.67766639E11
60692.0
7.9023053E11
0.0
1497658.0
1304088.0
575311.0
0.0
1517082.0
0.0
0.0
8.4116746E16
0.0
6.9725566E11
0.0
5.853336E11
107026.0
744130.0
0.0
1.12078504E11
0.0
805903.0
7.6905998E11
727255.0
6.5051768E16
471065.0
518527.0
3.91245791E11
5.645484E10
1.57192258E11
556398.0
0.0
477839.0
7.7618893E9
8.7408886E10
0.0
3.27540703E11
228563.0
474866.0
742907.0
0.0
31958.0
705750.0
612086.0
119320.0
293976.0
1.50805709E11
0.0
0.0
171038.0
8.6363251E10
828801.0
31150.0
626105.0
0.0
1619528.0
760016.0
0.0
142083.0
340324.0
1773600.0
652589.0
1320448.0
1.22808697E17
0.0
0.0
3.90609699E11
846886.0
933407.0
0.0
2.04414546E10
0.0
1.40382864E16
0.0
9.1958377E16
6.2949446E10
1.79885294E11
31482.0
4.6057513E9
2.33926984E11
0.0
4.3506978E11
1.9067153E16
782837.0
0.0
984461.0
826659.0
1.50948198E10
1.18524166E11
2.08585462E10
0.0
423364.0
686689.0
126822.0
0.0
0.0
0.0
5.5184255E11
1.99350583E11
592478.0
16669.0
1634434.0
0.0
0.0
869760.0
0.0
1149116.0
0.0
526452.0
0.0
1.35431185E16
233040.0
1451296.0
0.0
192641.0
5.33024211E11
6.2157763E11
1.93513144E10
0.0
137904.0
875497.0
301716.0
0.0
0.0
187965.0
350270.0
591832.0
651580.0
0.0
1248268.0
3.8302145E16
0.0
4.81210925E11
643591.0
0.0
1838728.0
1.58344105E17
69968.0
9.1678007E10
525961.0
0.0
3.28741618E11
0.0
0.0
3.8799052E11
219795.0
101550.0
2.24598876E10
921064.0
427439.0
1778590.0
229801.0
1.06460729E17
1814025.0
0.0
331619.0
1.83512596E10
558733.0
0.0
897452.0
5.586434E10
0.0
185875.0
244079.0
509792.0
2.64566436E10
263799.0
0.0
107374.0
7.776126E9
59925.0
0.0
1021399.0
270304.0
5.8393618E11
0.0
5.09396779E11
4.17961169E17
2.34293283E17
2104206.0
5.8801985E17
9.8903849E14
968787.0
2.76884151E16
2.60148969E11
3.34995423E17
0.0
1.31019397E10
0.0
403626.0
2.91777659E10
1248397.0
74769.0
4.5983069E11
9.2965641E11
374581.0
1032151.0
0.0
1027366.0
1.18802125E10
444592.0
407750.0
738685.0
3.9034491E10
201499.0
0.0
5.3971487E16
297150.0
9.9772146E10
41638.0
0.0
0.0
22200.0
4.9156274E16
1311848.0
874453.0
1496072.0
1.44505962E11
0.0
0.0
1264351.0
0.0
5.4887731E10
2.53567926E11
364284.0
5.13281458E11
2.93084824E11
0.0
0.0
994292.0
5.3621117E10
0.0
5.9798782E16
0.0
451883.0
153261.0
57525.0
790971.0
5.09248225E17
0.0
248104.0
0.0
0.0
169889.0
462476.0
425942.0
6.9541183E17
0.0
0.0
0.0
669354.0
48340.0
429144.0
468497.0
1050440.0
834941.0
5.6362474E11
0.0
0.0
218796.0
0.0
299875.0
0.0
318295.0
87855.0
360305.0
860952.0
98401.0
789012.0
0.0
0.0
0.0
4.95672426E11
993198.0
0.0
108897.0
467758.0
0.0
0.0
0.0
1019984.0
88637.0
0.0
7.443542E10
1.39687455E10
570857.0
0.0
513089.0
814524.0
950652.0
1526615.0
554712.0
0.0
1371190.0
414745.0
113843.0
5.5142535E10
4.49559331E11
1.14332837E17
55461.0
987198.0
641188.0
2.7676588E10
1574993.0
0.0
1.09569085E10
475046.0
1774308.0
4.17322107E11
8.1149061E11
105781.0
4.54684377E11
309796.0
3.59827341E11
8.0292119E11
353993.0
639349.0
4.41035555E11
4.6158402E10
426820.0
0.0
0.0
9.590704E11
7.1524282E8
2.23052227E10
0.0
596085.0
0.0
561644.0
1.47461046E11
0.0
2460702.0
0.0
2141431.0
3.20208142E11
762089.0
954616.0
0.0
0.0
702516.0
1.72881281E11
867269.0
0.0
2083810.0
3.13033359E11
537769.0
0.0
630871.0
394996.0
651626.0
88520.0
815106.0
647312.0
0.0
2.72164127E11
898426.0
0.0
299735.0
15549.0
911214.0
674024.0
109362.0
0.0
909608.0
589630.0
251512.0
1319616.0
821623.0
1.80169474E11
518251.0
4.1586127E10
0.0
0.0
4.34809045E11
4.48600965E11
185814.0
276131.0
5.9997322E15
889520.0
4.8767856E15
829178.0
2.42347417E16
1.55124976E17
0.0
0.0
1463680.0
9.7033276E15
0.0
5.41207593E11
859937.0
0.0
0.0
0.0
0.0
0.0
1.01648736E11
0.0
6.3835206E17
0.0
1.2773802E11
734933.0
8.1872036E10
562534.0
0.0
8.3837837E10
933896.0
814438.0
777812.0
0.0
617012.0
47818.0
0.0
649635.0
265172.0
0.0
0.0
2.87837954E17
297173.0
789039.0
8.7520436E10
4.3762434E11
7.8992746E16
705516.0
5.096262E10
0.0
208622.0
1757284.0
6.1804472E11
2.14844572E11
0.0
647086.0
3.67531622E17
0.0
9.1204485E10
667139.0
299364.0
2.08562733E11
0.0
1.08047917E11
1750101.0
2083907.0
0.0
2.18885095E11
897497.0
1102835.0
1841796.0
1.23230831E11
0.0
222849.0
911587.0
0.0
935641.0
1.76838164E11
166591.0
862008.0
0.0
515419.0
171.0
0.0
2.49135464E11
3.26917292E11
421253.0
89579.0
279506.0
2.838132E7
2.18178601E10
7.8347887E10
0.0
1043186.0
145573.0
1.7781139E11
237401.0
0.0
415631.0
2.62053396E10
0.0
3.94783744E9
1871991.0
0.0
0.0
4.6412476E10
308079.0
131802.0
30062.0
520952.0
794380.0
1486431.0
1407931.0
431951.0
1092471.0
3.35410666E15
2.47858714E17
1.56438856E10
1.693325E10
399226.0
2.31462093E17
0.0
2.34005729E10
722663.0
282741.0
3.26930399E11
685826.0
330827.0
1.43841772E11
2.05080153E17
0.0
6.2148671E15
1464640.0
803835.0
4.9761869E16
0.0
5.10096015E11
953987.0
474047.0
330435.0
8.7567544E9
2.46936632E16
423489.0
0.0
0.0
0.0
1.91626854E10
5.5269609E11
0.0
851619.0
845236.0
0.0
3.01986775E11
4.05395744E17
0.0
109529.0
0.0
6.3639447E11
0.0
0.0
70891.0
0.0
1.73757165E16
717630.0
357113.0
179404.0
266277.0
1.49096858E11
244841.0
653640.0
424040.0
959402.0
1.79692749E11
2207572.0
986339.0
3.9918744E10
161413.0
440375.0
3.30980385E17
914542.0
774038.0
4.6484177E10
0.0
6.3898096E10
0.0
883235.0
274663.0
5.0125943E10
4.26203316E11
8.7853513E15
8.4602864E10
0.0
0.0
0.0
0.0
0.0
0.0
0.0
1.45566614E11
248898.0
2151199.0
0.0
0.0
8.8304411E10
1318270.0
2231077.0
850794.0
205762.0
224814.0
416184.0
271963.0
0.0
40049.0
6.9080271E16
6131.0
1.72897722E17
937027.0
980938.0
528997.0
563893.0
1652761.0
1.34628679E17
6.9219572E15
0.0
850016.0
120192.0
0.0
795420.0
1169649.0
3.18048764E11
1.29290805E11
2.69380057E17
353562.0
0.0
6.5664853E15
2.91563438E10
537536.0
2.35462296E11
958953.0
7.4647629E9
2.98459267E11
189738.0
4.9025786E10
88496.0
0.0
8.2886681E10
946322.0
678073.0
369628.0
0.0
3.32007571E11
49682.0
1.4328427E15
1000364.0
0.0
0.0
0.0
1.53836962E11
820882.0
0.0
6.5791761E11
982768.0
684525.0
0.0
289085.0
967197.0
126741.0
0.0
698243.0
9.1105308E15
665887.0
6.2861797E11
954668.0
168868.0
0.0
264458.0
2.77753233E11
1845493.0
6.4043446E10
0.0
679536.0
0.0
2.13010448E11
625124.0
916207.0
0.0
1.84164106E11
870093.0
630385.0
1.25688868E16
1.9252496E11
0.0
3.1135472E11
135994.0
1768234.0
0.0
1940535.0
604739.0
4.65377034E11
3.5960885E10
234494.0
2.38026588E10
594919.0
5.7681759E11
0.0
0.0
630241.0
0.0
0.0
0.0
432475.0
